/*--------------------------------*- C++ -*----------------------------------*\
| =========                 |                                                 |
| \\      /  F ield         | OpenFOAM: The Open Source CFD Toolbox           |
|  \\    /   O peration     | Version:  2312                                  |
|   \\  /    A nd           | Website:  www.openfoam.com                      |
|    \\/     M anipulation  |                                                 |
\*---------------------------------------------------------------------------*/
FoamFile
{
    version     2.0;
    format      ascii;
    arch        "LSB;label=32;scalar=64";
    class       volScalarField;
    location    "8.25";
    object      staticCoeffP;
}
// * * * * * * * * * * * * * * * * * * * * * * * * * * * * * * * * * * * * * //

dimensions      [0 0 0 0 0 0 0];

internalField   nonuniform List<scalar> 
400
(
1.77636e-15
9.32587e-15
9.76996e-15
1.24345e-14
1.37668e-14
1.46549e-14
1.55431e-14
1.64313e-14
1.68754e-14
1.77636e-14
1.82077e-14
1.86517e-14
1.95399e-14
1.95399e-14
1.9984e-14
2.04281e-14
2.08722e-14
2.08722e-14
2.08722e-14
2.08722e-14
7.10543e-15
4.44089e-15
1.06581e-14
1.24345e-14
1.42109e-14
1.5099e-14
1.55431e-14
1.64313e-14
1.68754e-14
1.77636e-14
1.82077e-14
1.86517e-14
1.90958e-14
2.04281e-14
2.04281e-14
2.04281e-14
2.04281e-14
2.08722e-14
2.08722e-14
2.08722e-14
9.32587e-15
1.02141e-14
1.15463e-14
1.33227e-14
1.46549e-14
1.5099e-14
1.55431e-14
1.64313e-14
1.73195e-14
1.77636e-14
1.82077e-14
1.86517e-14
1.90958e-14
1.9984e-14
2.04281e-14
2.04281e-14
2.04281e-14
2.08722e-14
2.08722e-14
2.08722e-14
1.02141e-14
1.19904e-14
1.28786e-14
1.42109e-14
1.46549e-14
1.59872e-14
1.64313e-14
1.68754e-14
1.77636e-14
1.82077e-14
1.86517e-14
1.82077e-14
1.90958e-14
1.95399e-14
2.04281e-14
2.08722e-14
2.04281e-14
1.9984e-14
2.08722e-14
2.13163e-14
1.24345e-14
1.37668e-14
1.42109e-14
1.5099e-14
1.55431e-14
1.64313e-14
1.73195e-14
1.73195e-14
1.77636e-14
1.82077e-14
1.86517e-14
1.86517e-14
1.95399e-14
1.9984e-14
2.04281e-14
2.08722e-14
2.08722e-14
1.9984e-14
2.04281e-14
2.13163e-14
1.42109e-14
1.33227e-14
1.55431e-14
1.55431e-14
1.64313e-14
1.68754e-14
1.73195e-14
1.77636e-14
1.82077e-14
1.86517e-14
1.90958e-14
1.90958e-14
1.95399e-14
1.9984e-14
2.04281e-14
2.08722e-14
2.08722e-14
1.9984e-14
2.04281e-14
2.13163e-14
1.55431e-14
1.90958e-14
1.64313e-14
1.73195e-14
1.73195e-14
1.73195e-14
1.82077e-14
1.82077e-14
1.86517e-14
1.86517e-14
1.90958e-14
1.95399e-14
1.9984e-14
2.04281e-14
2.08722e-14
2.08722e-14
2.08722e-14
2.04281e-14
2.08722e-14
2.13163e-14
1.77636e-14
1.33227e-14
1.77636e-14
1.77636e-14
1.86517e-14
1.77636e-14
1.82077e-14
1.90958e-14
1.95399e-14
1.95399e-14
1.95399e-14
1.9984e-14
2.04281e-14
2.04281e-14
2.08722e-14
2.08722e-14
2.13163e-14
2.08722e-14
2.08722e-14
2.17604e-14
1.77636e-14
2.08722e-14
1.90958e-14
1.90958e-14
1.86517e-14
1.90958e-14
1.90958e-14
1.95399e-14
1.9984e-14
1.9984e-14
1.9984e-14
2.04281e-14
2.04281e-14
2.04281e-14
2.13163e-14
2.08722e-14
2.08722e-14
2.08722e-14
2.08722e-14
2.17604e-14
1.90958e-14
1.86517e-14
1.9984e-14
1.9984e-14
1.95399e-14
1.9984e-14
1.9984e-14
1.9984e-14
1.9984e-14
1.9984e-14
2.08722e-14
2.08722e-14
2.08722e-14
2.08722e-14
2.08722e-14
2.08722e-14
2.08722e-14
2.08722e-14
2.08722e-14
2.17604e-14
1.9984e-14
1.86517e-14
2.04281e-14
1.9984e-14
1.9984e-14
2.04281e-14
2.08722e-14
2.04281e-14
1.9984e-14
2.04281e-14
2.08722e-14
2.13163e-14
2.08722e-14
2.08722e-14
2.08722e-14
2.08722e-14
2.08722e-14
2.08722e-14
2.13163e-14
2.17604e-14
1.9984e-14
2.35367e-14
2.08722e-14
2.13163e-14
2.08722e-14
2.08722e-14
2.08722e-14
2.08722e-14
2.08722e-14
2.08722e-14
2.08722e-14
2.08722e-14
2.08722e-14
2.08722e-14
2.13163e-14
2.08722e-14
2.13163e-14
2.13163e-14
2.13163e-14
2.17604e-14
2.08722e-14
1.82077e-14
2.13163e-14
2.13163e-14
2.17604e-14
2.13163e-14
2.17604e-14
2.13163e-14
2.13163e-14
2.13163e-14
2.13163e-14
2.08722e-14
2.08722e-14
2.08722e-14
2.13163e-14
2.08722e-14
2.13163e-14
2.13163e-14
2.13163e-14
2.13163e-14
2.13163e-14
2.39808e-14
2.13163e-14
2.17604e-14
2.22045e-14
2.17604e-14
2.17604e-14
2.22045e-14
2.22045e-14
2.17604e-14
2.13163e-14
2.08722e-14
2.13163e-14
2.08722e-14
2.13163e-14
2.13163e-14
2.13163e-14
2.13163e-14
2.13163e-14
2.17604e-14
2.26485e-14
2.08722e-14
2.22045e-14
2.22045e-14
2.26485e-14
2.22045e-14
2.22045e-14
2.22045e-14
2.22045e-14
2.22045e-14
2.17604e-14
2.13163e-14
2.13163e-14
2.08722e-14
2.13163e-14
2.08722e-14
2.13163e-14
2.17604e-14
2.13163e-14
2.17604e-14
2.30926e-14
2.08722e-14
2.22045e-14
2.26485e-14
2.30926e-14
2.26485e-14
2.22045e-14
2.22045e-14
2.22045e-14
2.22045e-14
2.17604e-14
2.17604e-14
2.17604e-14
2.13163e-14
2.13163e-14
2.17604e-14
2.17604e-14
2.13163e-14
2.13163e-14
2.17604e-14
2.26485e-14
2.53131e-14
2.26485e-14
2.30926e-14
2.35367e-14
2.30926e-14
2.26485e-14
2.22045e-14
2.22045e-14
2.22045e-14
2.17604e-14
2.17604e-14
2.22045e-14
2.17604e-14
2.13163e-14
2.17604e-14
2.17604e-14
2.13163e-14
2.13163e-14
2.17604e-14
2.39808e-14
2.04281e-14
2.30926e-14
2.30926e-14
2.35367e-14
2.30926e-14
2.30926e-14
2.26485e-14
2.22045e-14
2.22045e-14
2.17604e-14
2.22045e-14
2.17604e-14
2.13163e-14
2.13163e-14
2.17604e-14
2.22045e-14
2.13163e-14
2.13163e-14
2.17604e-14
2.39808e-14
2.13163e-14
2.26485e-14
2.26485e-14
2.35367e-14
2.30926e-14
2.26485e-14
2.26485e-14
2.22045e-14
2.22045e-14
2.22045e-14
2.22045e-14
2.22045e-14
2.13163e-14
2.13163e-14
2.17604e-14
2.22045e-14
2.17604e-14
2.08722e-14
2.22045e-14
2.08722e-14
2.57572e-14
2.30926e-14
2.30926e-14
2.26485e-14
2.30926e-14
2.30926e-14
2.26485e-14
2.22045e-14
2.22045e-14
2.22045e-14
2.22045e-14
2.22045e-14
2.17604e-14
2.17604e-14
2.22045e-14
2.22045e-14
2.17604e-14
2.13163e-14
2.17604e-14
)
;

boundaryField
{
    movingWall
    {
        type            calculated;
        value           nonuniform List<scalar> 
20
(
2.08722e-14
2.57572e-14
2.30926e-14
2.30926e-14
2.26485e-14
2.30926e-14
2.30926e-14
2.26485e-14
2.22045e-14
2.22045e-14
2.22045e-14
2.22045e-14
2.22045e-14
2.17604e-14
2.17604e-14
2.22045e-14
2.22045e-14
2.17604e-14
2.13163e-14
2.17604e-14
)
;
    }
    fixedWalls
    {
        type            calculated;
        value           nonuniform List<scalar> 
60
(
1.77636e-15
7.10543e-15
9.32587e-15
1.02141e-14
1.24345e-14
1.42109e-14
1.55431e-14
1.77636e-14
1.77636e-14
1.90958e-14
1.9984e-14
1.9984e-14
2.08722e-14
2.13163e-14
2.26485e-14
2.30926e-14
2.26485e-14
2.39808e-14
2.39808e-14
2.08722e-14
2.08722e-14
2.08722e-14
2.08722e-14
2.13163e-14
2.13163e-14
2.13163e-14
2.13163e-14
2.17604e-14
2.17604e-14
2.17604e-14
2.17604e-14
2.17604e-14
2.13163e-14
2.17604e-14
2.17604e-14
2.17604e-14
2.17604e-14
2.17604e-14
2.22045e-14
2.17604e-14
1.77636e-15
9.32587e-15
9.76996e-15
1.24345e-14
1.37668e-14
1.46549e-14
1.55431e-14
1.64313e-14
1.68754e-14
1.77636e-14
1.82077e-14
1.86517e-14
1.95399e-14
1.95399e-14
1.9984e-14
2.04281e-14
2.08722e-14
2.08722e-14
2.08722e-14
2.08722e-14
)
;
    }
    frontAndBack
    {
        type            empty;
    }
}


// ************************************************************************* //
