/*--------------------------------*- C++ -*----------------------------------*\
| =========                 |                                                 |
| \\      /  F ield         | OpenFOAM: The Open Source CFD Toolbox           |
|  \\    /   O peration     | Version:  2312                                  |
|   \\  /    A nd           | Website:  www.openfoam.com                      |
|    \\/     M anipulation  |                                                 |
\*---------------------------------------------------------------------------*/
FoamFile
{
    version     2.0;
    format      ascii;
    arch        "LSB;label=32;scalar=64";
    class       volSymmTensorField;
    location    "7.5";
    object      turbulenceProperties:devReff;
}
// * * * * * * * * * * * * * * * * * * * * * * * * * * * * * * * * * * * * * //

dimensions      [0 2 -2 0 0 0 0];

internalField   nonuniform List<symmTensor> 
400
(
(-0 -0 -0 -0 -0 -0)
(-0 3.04449e-19 -0 -0 -0 -0)
(-0 -0 -0 -0 -0 -0)
(-0 -3.04449e-19 -0 -0 -0 -0)
(-0 -3.04449e-19 -0 -0 -0 -0)
(-0 -0 -0 -0 -0 -0)
(-0 -0 -0 -0 -0 -0)
(-0 -0 -0 -0 -0 -0)
(-0 -0 -0 -0 -0 -0)
(-0 -0 -0 -0 -0 -0)
(-0 -0 -0 -0 -0 -0)
(-0 -0 -0 -0 -0 -0)
(-0 -0 -0 -0 -0 -0)
(-0 -0 -0 -0 -0 -0)
(-0 -0 -0 -0 -0 -0)
(-0 -0 -0 -0 -0 -0)
(-0 -0 -0 -0 -0 -0)
(-0 -0 -0 -0 -0 -0)
(-0 -0 -0 -0 -0 -0)
(-0 -0 -0 -0 -0 -0)
(-4.06495e-19 -0 -0 2.03247e-19 -0 2.03247e-19)
(-0 -0 -0 -0 -0 -0)
(-0 -0 -0 -0 -0 -0)
(-0 -0 -0 -0 -0 -0)
(-0 -0 -0 -0 -0 -0)
(-0 -0 -0 -0 -0 -0)
(-0 -0 -0 -0 -0 -0)
(-0 -0 -0 -0 -0 -0)
(-0 -0 -0 -0 -0 -0)
(-0 -0 -0 -0 -0 -0)
(-0 -0 -0 -0 -0 -0)
(-0 -0 -0 -0 -0 -0)
(-0 -0 -0 -0 -0 -0)
(-0 -0 -0 -0 -0 -0)
(-0 -0 -0 -0 -0 -0)
(-0 -0 -0 -0 -0 -0)
(-0 -0 -0 -0 -0 -0)
(-0 -0 -0 -0 -0 -0)
(-0 -0 -0 -0 -0 -0)
(-0 -0 -0 -0 -0 -0)
(-0 -0 -0 -0 -0 -0)
(-0 -0 -0 -0 -0 -0)
(-0 -0 -0 -0 -0 -0)
(-0 -0 -0 -0 -0 -0)
(-0 -0 -0 -0 -0 -0)
(-0 -0 -0 -0 -0 -0)
(-0 -0 -0 -0 -0 -0)
(-0 -0 -0 -0 -0 -0)
(-0 -0 -0 -0 -0 -0)
(-0 -0 -0 -0 -0 -0)
(-0 -0 -0 -0 -0 -0)
(-0 -0 -0 -0 -0 -0)
(-0 -0 -0 -0 -0 -0)
(-0 -0 -0 -0 -0 -0)
(-0 -0 -0 -0 -0 -0)
(-0 -0 -0 -0 -0 -0)
(-0 -0 -0 -0 -0 -0)
(-0 -0 -0 -0 -0 -0)
(-0 -0 -0 -0 -0 -0)
(-0 -0 -0 -0 -0 -0)
(4.08178e-19 -0 -0 -2.04089e-19 -0 -2.04089e-19)
(-0 -0 -0 -0 -0 -0)
(-0 -0 -0 -0 -0 -0)
(-0 -0 -0 -0 -0 -0)
(-0 -0 -0 -0 -0 -0)
(-0 -0 -0 -0 -0 -0)
(-0 -0 -0 -0 -0 -0)
(-0 -0 -0 -0 -0 -0)
(-0 -0 -0 -0 -0 -0)
(-0 -0 -0 -0 -0 -0)
(-0 -0 -0 -0 -0 -0)
(-0 -0 -0 -0 -0 -0)
(-0 -0 -0 -0 -0 -0)
(-0 -0 -0 -0 -0 -0)
(-0 -0 -0 -0 -0 -0)
(-0 -0 -0 -0 -0 -0)
(-0 -0 -0 -0 -0 -0)
(-0 -0 -0 -0 -0 -0)
(-0 -0 -0 -0 -0 -0)
(-0 -0 -0 -0 -0 -0)
(4.08838e-19 -0 -0 -2.04419e-19 -0 -2.04419e-19)
(-0 -0 -0 -0 -0 -0)
(-0 -0 -0 -0 -0 -0)
(-0 -0 -0 -0 -0 -0)
(-0 -0 -0 -0 -0 -0)
(-0 -0 -0 -0 -0 -0)
(-0 -0 -0 -0 -0 -0)
(-0 -0 -0 -0 -0 -0)
(-0 -0 -0 -0 -0 -0)
(-0 -0 -0 -0 -0 -0)
(-0 -0 -0 -0 -0 -0)
(-0 -0 -0 -0 -0 -0)
(-0 -0 -0 -0 -0 -0)
(-0 -0 -0 -0 -0 -0)
(-0 -0 -0 -0 -0 -0)
(-0 -0 -0 -0 -0 -0)
(-0 -0 -0 -0 -0 -0)
(-0 -0 -0 -0 -0 -0)
(-0 -0 -0 -0 -0 -0)
(-0 -0 -0 -0 -0 -0)
(-0 -0 -0 -0 -0 -0)
(-0 -0 -0 -0 -0 -0)
(-0 -0 -0 -0 -0 -0)
(-0 -0 -0 -0 -0 -0)
(-0 -0 -0 -0 -0 -0)
(-0 -0 -0 -0 -0 -0)
(-0 -0 -0 -0 -0 -0)
(-0 -0 -0 -0 -0 -0)
(-0 -0 -0 -0 -0 -0)
(-0 -0 -0 -0 -0 -0)
(-0 -0 -0 -0 -0 -0)
(-0 -0 -0 -0 -0 -0)
(-0 -0 -0 -0 -0 -0)
(-0 -0 -0 -0 -0 -0)
(-0 -0 -0 -0 -0 -0)
(-0 -0 -0 -0 -0 -0)
(-0 -0 -0 -0 -0 -0)
(-0 -0 -0 -0 -0 -0)
(-0 -0 -0 -0 -0 -0)
(-0 -0 -0 -0 -0 -0)
(-0 -0 -0 -0 -0 -0)
(-0 -0 -0 -0 -0 -0)
(-0 -0 -0 -0 -0 -0)
(-0 -0 -0 -0 -0 -0)
(-0 -0 -0 -0 -0 -0)
(-0 -0 -0 -0 -0 -0)
(-0 -0 -0 -0 -0 -0)
(-0 -0 -0 -0 -0 -0)
(-0 -0 -0 -0 -0 -0)
(-0 -0 -0 -0 -0 -0)
(-0 -0 -0 -0 -0 -0)
(-0 -0 -0 -0 -0 -0)
(-0 -0 -0 -0 -0 -0)
(-0 -0 -0 -0 -0 -0)
(-0 -0 -0 -0 -0 -0)
(-0 -0 -0 -0 -0 -0)
(-0 -0 -0 -0 -0 -0)
(-0 -0 -0 -0 -0 -0)
(-0 -0 -0 -0 -0 -0)
(-0 -0 -0 -0 -0 -0)
(-0 -0 -0 -0 -0 -0)
(-0 -0 -0 -0 -0 -0)
(-0 -0 -0 -0 -0 -0)
(-0 -0 -0 -0 -0 -0)
(-0 -0 -0 -0 -0 -0)
(-0 -0 -0 -0 -0 -0)
(-0 -0 -0 -0 -0 -0)
(-0 -0 -0 -0 -0 -0)
(-0 -0 -0 -0 -0 -0)
(-0 -0 -0 -0 -0 -0)
(-0 -0 -0 -0 -0 -0)
(-0 -0 -0 -0 -0 -0)
(-0 -0 -0 -0 -0 -0)
(-0 -0 -0 -0 -0 -0)
(-0 -0 -0 -0 -0 -0)
(-0 -0 -0 -0 -0 -0)
(-0 -0 -0 -0 -0 -0)
(-0 -0 -0 -0 -0 -0)
(-0 -0 -0 -0 -0 -0)
(-0 -0 -0 -0 -0 -0)
(-0 -0 -0 -0 -0 -0)
(-0 -0 -0 -0 -0 -0)
(-0 -0 -0 -0 -0 -0)
(-0 -0 -0 -0 -0 -0)
(-0 -0 -0 -0 -0 -0)
(-0 -0 -0 -0 -0 -0)
(-0 -0 -0 -0 -0 -0)
(-0 -0 -0 -0 -0 -0)
(-0 -0 -0 -0 -0 -0)
(-0 -0 -0 -0 -0 -0)
(-0 -0 -0 -0 -0 -0)
(-0 -0 -0 -0 -0 -0)
(-0 -0 -0 -0 -0 -0)
(-0 -0 -0 -0 -0 -0)
(-0 -0 -0 -0 -0 -0)
(-0 -0 -0 -0 -0 -0)
(-0 -0 -0 -0 -0 -0)
(-0 -0 -0 -0 -0 -0)
(-0 -0 -0 -0 -0 -0)
(-0 -0 -0 -0 -0 -0)
(-0 -0 -0 -0 -0 -0)
(-0 -0 -0 -0 -0 -0)
(-0 -0 -0 -0 -0 -0)
(-0 -0 -0 -0 -0 -0)
(-0 -0 -0 -0 -0 -0)
(-0 -0 -0 -0 -0 -0)
(-0 -0 -0 -0 -0 -0)
(-0 -0 -0 -0 -0 -0)
(-0 -0 -0 -0 -0 -0)
(-0 -0 -0 -0 -0 -0)
(-0 -0 -0 -0 -0 -0)
(-0 -0 -0 -0 -0 -0)
(-0 -0 -0 -0 -0 -0)
(-0 -0 -0 -0 -0 -0)
(-0 -0 -0 -0 -0 -0)
(-0 -0 -0 -0 -0 -0)
(-0 -0 -0 -0 -0 -0)
(-0 -0 -0 -0 -0 -0)
(-0 -0 -0 -0 -0 -0)
(-0 -0 -0 -0 -0 -0)
(-0 -0 -0 -0 -0 -0)
(-0 -0 -0 -0 -0 -0)
(-0 -0 -0 -0 -0 -0)
(-0 -0 -0 -0 -0 -0)
(-0 -0 -0 -0 -0 -0)
(-0 -0 -0 -0 -0 -0)
(-0 -0 -0 -0 -0 -0)
(-0 -0 -0 -0 -0 -0)
(-0 -0 -0 -0 -0 -0)
(-0 -0 -0 -0 -0 -0)
(-0 -0 -0 -0 -0 -0)
(-0 -0 -0 -0 -0 -0)
(-0 -0 -0 -0 -0 -0)
(-0 -0 -0 -0 -0 -0)
(-0 -0 -0 -0 -0 -0)
(-0 -0 -0 -0 -0 -0)
(-0 -0 -0 -0 -0 -0)
(-0 -0 -0 -0 -0 -0)
(-0 -0 -0 -0 -0 -0)
(-0 -0 -0 -0 -0 -0)
(-0 -0 -0 -0 -0 -0)
(-0 -0 -0 -0 -0 -0)
(-0 -0 -0 -0 -0 -0)
(-0 -0 -0 -0 -0 -0)
(-0 -0 -0 -0 -0 -0)
(-0 -0 -0 -0 -0 -0)
(-0 -0 -0 -0 -0 -0)
(-0 -0 -0 -0 -0 -0)
(-0 -0 -0 -0 -0 -0)
(-0 -0 -0 -0 -0 -0)
(-0 -0 -0 -0 -0 -0)
(-0 -0 -0 -0 -0 -0)
(-0 -0 -0 -0 -0 -0)
(-0 -0 -0 -0 -0 -0)
(-0 -0 -0 -0 -0 -0)
(-0 -0 -0 -0 -0 -0)
(-0 -0 -0 -0 -0 -0)
(-0 -0 -0 -0 -0 -0)
(-0 -0 -0 -0 -0 -0)
(-0 -0 -0 -0 -0 -0)
(-0 -0 -0 -0 -0 -0)
(-0 -0 -0 -0 -0 -0)
(-0 -0 -0 -0 -0 -0)
(-0 -0 -0 -0 -0 -0)
(-0 -0 -0 -0 -0 -0)
(-0 -0 -0 -0 -0 -0)
(-0 -0 -0 -0 -0 -0)
(-0 -0 -0 -0 -0 -0)
(-0 -0 -0 -0 -0 -0)
(-0 -0 -0 -0 -0 -0)
(-0 -0 -0 -0 -0 -0)
(-0 -0 -0 -0 -0 -0)
(-0 -0 -0 -0 -0 -0)
(-0 -0 -0 -0 -0 -0)
(-0 -0 -0 -0 -0 -0)
(-0 -0 -0 -0 -0 -0)
(-0 -0 -0 -0 -0 -0)
(-0 -0 -0 -0 -0 -0)
(-0 -0 -0 -0 -0 -0)
(-0 -0 -0 -0 -0 -0)
(-0 -0 -0 -0 -0 -0)
(-0 -0 -0 -0 -0 -0)
(-0 -0 -0 -0 -0 -0)
(-0 -0 -0 -0 -0 -0)
(-0 -0 -0 -0 -0 -0)
(-0 -0 -0 -0 -0 -0)
(-0 -0 -0 -0 -0 -0)
(-0 -0 -0 -0 -0 -0)
(-0 -0 -0 -0 -0 -0)
(-0 -0 -0 -0 -0 -0)
(-0 -0 -0 -0 -0 -0)
(-0 -0 -0 -0 -0 -0)
(-0 -0 -0 -0 -0 -0)
(-0 -0 -0 -0 -0 -0)
(-0 -0 -0 -0 -0 -0)
(-0 -0 -0 -0 -0 -0)
(-0 -0 -0 -0 -0 -0)
(-0 -0 -0 -0 -0 -0)
(-0 -0 -0 -0 -0 -0)
(-0 -0 -0 -0 -0 -0)
(-0 -0 -0 -0 -0 -0)
(-0 -0 -0 -0 -0 -0)
(-0 -0 -0 -0 -0 -0)
(-0 -0 -0 -0 -0 -0)
(-0 -0 -0 -0 -0 -0)
(-0 -0 -0 -0 -0 -0)
(-0 -0 -0 -0 -0 -0)
(-0 -0 -0 -0 -0 -0)
(-0 -0 -0 -0 -0 -0)
(-0 -0 -0 -0 -0 -0)
(-0 -0 -0 -0 -0 -0)
(-0 -0 -0 -0 -0 -0)
(-0 -0 -0 -0 -0 -0)
(-0 -0 -0 -0 -0 -0)
(-0 -0 -0 -0 -0 -0)
(-0 -0 -0 -0 -0 -0)
(-0 -0 -0 -0 -0 -0)
(-0 -0 -0 -0 -0 -0)
(-0 -0 -0 -0 -0 -0)
(-0 -0 -0 -0 -0 -0)
(-0 -0 -0 -0 -0 -0)
(-0 -0 -0 -0 -0 -0)
(-0 -0 -0 -0 -0 -0)
(-0 -0 -0 -0 -0 -0)
(-0 -0 -0 -0 -0 -0)
(-0 -0 -0 -0 -0 -0)
(-0 -0 -0 -0 -0 -0)
(-0 -0 -0 -0 -0 -0)
(-0 -0 -0 -0 -0 -0)
(-0 -0 -0 -0 -0 -0)
(-0 -0 -0 -0 -0 -0)
(-0 -0 -0 -0 -0 -0)
(-0 -0 -0 -0 -0 -0)
(-0 -0 -0 -0 -0 -0)
(-0 -0 -0 -0 -0 -0)
(-0 -0 -0 -0 -0 -0)
(-0 -0 -0 -0 -0 -0)
(-0 -0 -0 -0 -0 -0)
(-0 -0 -0 -0 -0 -0)
(-0 -0 -0 -0 -0 -0)
(-0 -0 -0 -0 -0 -0)
(-0 -0 -0 -0 -0 -0)
(-0 -0 -0 -0 -0 -0)
(-0 -0 -0 -0 -0 -0)
(-0 -0 -0 -0 -0 -0)
(-0 -0 -0 -0 -0 -0)
(-0 -0 -0 -0 -0 -0)
(-0 -0 -0 -0 -0 -0)
(-0 -0 -0 -0 -0 -0)
(-0 -0 -0 -0 -0 -0)
(-0 -0 -0 -0 -0 -0)
(-0 -0 -0 -0 -0 -0)
(-0 -0 -0 -0 -0 -0)
(-0 -0 -0 -0 -0 -0)
(-0 -0 -0 -0 -0 -0)
(-0 -0 -0 -0 -0 -0)
(-0 -0 -0 -0 -0 -0)
(-0 -0 -0 -0 -0 -0)
(-0 -0 -0 -0 -0 -0)
(-0 -0 -0 -0 -0 -0)
(-0 -0 -0 -0 -0 -0)
(-0 -0 -0 -0 -0 -0)
(-0 -0 -0 -0 -0 -0)
(-0 -0 -0 -0 -0 -0)
(-0 -0 -0 -0 -0 -0)
(-0 -0 -0 -0 -0 -0)
(-0 -0 -0 -0 -0 -0)
(-0 -0 -0 -0 -0 -0)
(-0 -0 -0 -0 -0 -0)
(-0 -0 -0 -0 -0 -0)
(-0 -0 -0 -0 -0 -0)
(-0 -0 -0 -0 -0 -0)
(-0 -0 -0 -0 -0 -0)
(-0 -0 -0 -0 -0 -0)
(-0 -0 -0 -0 -0 -0)
(-0 -0 -0 -0 -0 -0)
(-0 -0 -0 -0 -0 -0)
(-0 -0 -0 -0 -0 -0)
(-0 -0 -0 -0 -0 -0)
(-0 -0 -0 -0 -0 -0)
(-0 -0 -0 -0 -0 -0)
(-0 -0 -0 -0 -0 -0)
(-0 -0 -0 -0 -0 -0)
(-0 -0 -0 -0 -0 -0)
(-0 -0 -0 -0 -0 -0)
(-0 -0 -0 -0 -0 -0)
(-0 -0 -0 -0 -0 -0)
(-0 -0 -0 -0 -0 -0)
(-0 -0 -0 -0 -0 -0)
(-0 -0 -0 -0 -0 -0)
(-0 -0 -0 -0 -0 -0)
(-0 -0 -0 -0 -0 -0)
(-0 -0 -0 -0 -0 -0)
(-0 -0 -0 -0 -0 -0)
(-0 -0 -0 -0 -0 -0)
(-0 -0 -0 -0 -0 -0)
(-0 -0 -0 -0 -0 -0)
(-0 -0 -0 -0 -0 -0)
(-0 -0 -0 -0 -0 -0)
(-0 -0 -0 -0 -0 -0)
(-0 -0 -0 -0 -0 -0)
(-0 -0 -0 -0 -0 -0)
(-0 -0 -0 -0 -0 -0)
(-0 -0 -0 -0 -0 -0)
(-0 -0 -0 -0 -0 -0)
(-0 -0 -0 -0 -0 -0)
(-0 -0 -0 -0 -0 -0)
(-0 -0 -0 -0 -0 -0)
(-0 -0 -0 -0 -0 -0)
(-0 -0 -0 -0 -0 -0)
(-0 -0 -0 -0 -0 -0)
(-0 -0 -0 -0 -0 -0)
(-0 -0 -0 -0 -0 -0)
(-0 -0 -0 -0 -0 -0)
(-0 -0 -0 -0 -0 -0)
(-0 -0 -0 -0 -0 -0)
(-0 -0 -0 -0 -0 -0)
(-0 -0 -0 -0 -0 -0)
(-0 -0 -0 -0 -0 -0)
(-0 -0 -0 -0 -0 -0)
)
;

boundaryField
{
    movingWall
    {
        type            calculated;
        value           uniform (-0 -0 -0 -0 -0 -0);
    }
    fixedWalls
    {
        type            calculated;
        value           uniform (-0 -0 -0 -0 -0 -0);
    }
    frontAndBack
    {
        type            empty;
    }
}


// ************************************************************************* //
