/*--------------------------------*- C++ -*----------------------------------*\
| =========                 |                                                 |
| \\      /  F ield         | OpenFOAM: The Open Source CFD Toolbox           |
|  \\    /   O peration     | Version:  2312                                  |
|   \\  /    A nd           | Website:  www.openfoam.com                      |
|    \\/     M anipulation  |                                                 |
\*---------------------------------------------------------------------------*/
FoamFile
{
    version     2.0;
    format      ascii;
    arch        "LSB;label=32;scalar=64";
    class       volScalarField;
    location    "2.25";
    object      staticCoeffP;
}
// * * * * * * * * * * * * * * * * * * * * * * * * * * * * * * * * * * * * * //

dimensions      [0 0 0 0 0 0 0];

internalField   nonuniform List<scalar> 
400
(
1.3611e-07
0
0
0
0
0
0
0
0
0
0
0
0
0.00134074
0.00430256
0.00706472
0.00876486
0.00929663
0.00910217
0.00885332
6.77707e-05
8.87132e-06
0
0
0
0
0
0
0
0
0
0
0
0
0.00276685
0.00578846
0.00797249
0.00887541
0.00896001
0.00871103
8.51589e-05
0
0
0
0
0
0
0
0
0
0
0
0
0
0
0.0022299
0.00561733
0.0079541
0.0087346
0.00836164
0
0
0
0
0
0
0
0
0
0
0
0
0
0
0
0
0.000263169
0.00502871
0.00795601
0.00818812
0
0
0
0
0
0
0
0
0
0
0
0
0
0
0
0
0
0
0.0056133
0.00731638
0
0
0
0
0
0
0
0
0
0
0
0
0
0
0
0
0
0
0.000403368
0.00462845
0
0
0
0
0
0
0
0
0
0
0
0
0
0
0
0
0
0
0
0
0
0
0
0
0
0
0
0
0
0
0
0
0
0
0
0
0
0
0
0
0
0
0
0
0
0
0
0
0
0
0
0
0
0
0
0
0
0
0
0
0
0
0
0
0
0
0
0
0
0
0
0
0
0
0
0
0
0
0
0
0
0
0
0
0
0
0
0
0
0
0
0
0
0
0
0
0
0
0
0
0
0
0
0
0
0
0
0
0
0
0
0
0
0
0
0
0
0
0
0
0
0
0
0
0
0
0
0
0
0
0
0
0
0
0
0
0
0
0
0
0
0
0
0
0
0
0
0
0
0
0
0
0
0
0
0
0
0
0
0
0
0
0
0
0
0
0
0
0
0
0
0
0
0
0
0
0
0
0
0
0
0
0
0
0
0
0
0
0
0
0
0
0
0
0
0
0
0
0
0
0
0
0
0
0
0
0
0
0
0
0
0
0
0
0
0
0
0
0
0
0
0
0
0
0
0
0
0
0
0
0
0
0
0
0
0
0
0
0
0
0
0
0
0
0
0
0
0
0
0
0
0
0
0
0
0
0
0.00179529
0.00490213
0.0307102
0
0.0027172
0.00143285
0
0
0
0
0
0
0
0
0
0
0
0
0
0
0.00707853
0.0107048
0.116899
)
;

boundaryField
{
    movingWall
    {
        type            calculated;
        value           nonuniform List<scalar> 
20
(
0
0.0027172
0.00143285
0
0
0
0
0
0
0
0
0
0
0
0
0
0
0.00707853
0.0107048
0.116899
)
;
    }
    fixedWalls
    {
        type            calculated;
        value           nonuniform List<scalar> 
60
(
1.3611e-07
6.77707e-05
8.51589e-05
0
0
0
0
0
0
0
0
0
0
0
0
0
0
0
0
0
0.00885332
0.00871103
0.00836164
0.00818812
0.00731638
0.00462845
0
0
0
0
0
0
0
0
0
0
0
0
0.0307102
0.116899
1.3611e-07
0
0
0
0
0
0
0
0
0
0
0
0
0.00134074
0.00430256
0.00706472
0.00876486
0.00929663
0.00910217
0.00885332
)
;
    }
    frontAndBack
    {
        type            empty;
    }
}


// ************************************************************************* //
