/*--------------------------------*- C++ -*----------------------------------*\
| =========                 |                                                 |
| \\      /  F ield         | OpenFOAM: The Open Source CFD Toolbox           |
|  \\    /   O peration     | Version:  2312                                  |
|   \\  /    A nd           | Website:  www.openfoam.com                      |
|    \\/     M anipulation  |                                                 |
\*---------------------------------------------------------------------------*/
FoamFile
{
    version     2.0;
    format      ascii;
    arch        "LSB;label=32;scalar=64";
    class       volScalarField;
    location    "1.75";
    object      diffP;
}
// * * * * * * * * * * * * * * * * * * * * * * * * * * * * * * * * * * * * * //

dimensions      [0 2 -2 0 0 0 0];

internalField   nonuniform List<scalar> 
400
(
-3
-3
-3
-3
-3
-3
-3.00002
-3.00008
-3.00017
-3.00036
-3.00069
-3.00125
-3.00205
-3.00304
-3.00404
-3.00483
-3.00529
-3.00544
-3.00539
-3.00533
-3.00002
-3
-3
-3
-3
-3
-3
-3.00001
-3.00006
-3.0002
-3.00047
-3.00095
-3.00169
-3.00269
-3.00376
-3.00465
-3.00519
-3.00539
-3.00536
-3.00527
-3
-3
-3
-3
-3
-3
-3
-3
-3
-3
-3
-3.00028
-3.00096
-3.00205
-3.00332
-3.00443
-3.00514
-3.00537
-3.00535
-3.0052
-3
-3
-3
-3
-3
-3
-3
-3
-3
-3
-3
-3
-3
-3.00038
-3.00171
-3.0033
-3.00461
-3.0052
-3.00531
-3.00506
-3
-3
-3
-3
-3
-3
-3
-3
-3
-3
-3
-3
-3
-3
-3
-3
-3.00187
-3.00424
-3.00516
-3.00484
-3
-3
-3
-3
-3
-3
-3
-3
-3
-3
-3
-3
-3
-3
-3
-3
-3
-3.00065
-3.0044
-3.00487
-3
-3
-3
-3
-3
-3
-3
-3
-3
-3
-3
-3
-3
-3
-3
-3
-3
-3
-3.00159
-3.00416
-3
-3
-3
-3
-3
-3
-3
-3
-3
-3
-3
-3
-3
-3
-3
-3
-3
-3
-3
-3.00134
-3
-3
-3
-3
-3
-3
-3
-3
-3
-3
-3
-3
-3
-3
-3
-3
-3
-3
-3
-3
-3
-3
-3
-3
-3
-3
-3
-3
-3
-3
-3
-3
-3
-3
-3
-3
-3
-3
-3
-3
-3
-3
-3
-3
-3
-3
-3
-3
-3
-3
-3
-3
-3
-3
-3
-3
-3
-3
-3
-3
-3
-3
-3
-3
-3
-3
-3
-3
-3
-3
-3
-3
-3
-3
-3
-3
-3
-3
-3
-3
-3
-3
-3
-3
-3
-3
-3
-3
-3
-3
-3
-3
-3
-3
-3
-3
-3
-3
-3
-3
-3
-3
-3
-3
-3
-3
-3
-3
-3
-3
-3
-3
-3
-3
-3
-3
-3
-3
-3
-3
-3
-3
-3
-3
-3
-3
-3
-3
-3
-3
-3
-3
-3
-3
-3
-3
-3
-3
-3
-3
-3
-3
-3
-3
-3
-3
-3
-3
-3
-3
-3
-3
-3
-3
-3
-3
-3
-3
-3
-3
-3
-3
-3
-3
-3
-3
-3
-3
-3
-3
-3
-3
-3
-3
-3
-3
-3
-3
-3
-3
-3
-3
-3
-3
-3
-3
-3
-3
-3
-3
-3
-3
-3
-3
-3
-3
-3
-3
-3
-3
-3
-3
-3
-3
-3
-3
-3
-3
-3
-3
-3
-3
-3
-3
-3
-3
-3
-3.00118
-3.00422
-3.02978
-3
-3.00238
-3.00098
-3
-3
-3
-3
-3
-3
-3
-3
-3
-3
-3
-3
-3
-3
-3.00637
-3.00963
-3.11484
)
;

boundaryField
{
    movingWall
    {
        type            calculated;
        value           nonuniform List<scalar> 
20
(
-3
-3.00238
-3.00098
-3
-3
-3
-3
-3
-3
-3
-3
-3
-3
-3
-3
-3
-3
-3.00637
-3.00963
-3.11484
)
;
    }
    fixedWalls
    {
        type            calculated;
        value           nonuniform List<scalar> 
60
(
-3
-3.00002
-3
-3
-3
-3
-3
-3
-3
-3
-3
-3
-3
-3
-3
-3
-3
-3
-3
-3
-3.00533
-3.00527
-3.0052
-3.00506
-3.00484
-3.00487
-3.00416
-3.00134
-3
-3
-3
-3
-3
-3
-3
-3
-3
-3
-3.02978
-3.11484
-3
-3
-3
-3
-3
-3
-3.00002
-3.00008
-3.00017
-3.00036
-3.00069
-3.00125
-3.00205
-3.00304
-3.00404
-3.00483
-3.00529
-3.00544
-3.00539
-3.00533
)
;
    }
    frontAndBack
    {
        type            empty;
    }
}


// ************************************************************************* //
