/*--------------------------------*- C++ -*----------------------------------*\
| =========                 |                                                 |
| \\      /  F ield         | OpenFOAM: The Open Source CFD Toolbox           |
|  \\    /   O peration     | Version:  2312                                  |
|   \\  /    A nd           | Website:  www.openfoam.com                      |
|    \\/     M anipulation  |                                                 |
\*---------------------------------------------------------------------------*/
FoamFile
{
    version     2.0;
    format      ascii;
    arch        "LSB;label=32;scalar=64";
    class       volScalarField;
    location    "1.75";
    object      magSqrP;
}
// * * * * * * * * * * * * * * * * * * * * * * * * * * * * * * * * * * * * * //

dimensions      [0 4 -4 0 0 0 0];

internalField   nonuniform List<scalar> 
400
(
5.00919e-16
0
0
0
0
0
1.29789e-10
1.42069e-09
7.55797e-09
3.22513e-08
1.20139e-07
3.87603e-07
1.04894e-06
2.31083e-06
4.07861e-06
5.8256e-06
6.99556e-06
7.39615e-06
7.27654e-06
7.09401e-06
1.43152e-10
0
0
0
0
0
0
2.28286e-11
1.04997e-09
9.73301e-09
5.46756e-08
2.23975e-07
7.15358e-07
1.80685e-06
3.52967e-06
5.39996e-06
6.74197e-06
7.26362e-06
7.1835e-06
6.95452e-06
0
0
0
0
0
0
0
0
0
0
0
1.95714e-08
2.32436e-07
1.05495e-06
2.74811e-06
4.91717e-06
6.6028e-06
7.21978e-06
7.15199e-06
6.76203e-06
0
0
0
0
0
0
0
0
0
0
0
0
0
3.55576e-08
7.31664e-07
2.72965e-06
5.30945e-06
6.76405e-06
7.05736e-06
6.4025e-06
0
0
0
0
0
0
0
0
0
0
0
0
0
0
0
0
8.77789e-07
4.50447e-06
6.66573e-06
5.86392e-06
0
0
0
0
0
0
0
0
0
0
0
0
0
0
0
0
0
1.06865e-07
4.84342e-06
5.92842e-06
0
0
0
0
0
0
0
0
0
0
0
0
0
0
0
0
0
0
6.32456e-07
4.32419e-06
0
0
0
0
0
0
0
0
0
0
0
0
0
0
0
0
0
0
0
4.51122e-07
0
0
0
0
0
0
0
0
0
0
0
0
0
0
0
0
0
0
0
0
0
0
0
0
0
0
0
0
0
0
0
0
0
0
0
0
0
0
0
0
0
0
0
0
0
0
0
0
0
0
0
0
0
0
0
0
0
0
0
0
0
0
0
0
0
0
0
0
0
0
0
0
0
0
0
0
0
0
0
0
0
0
0
0
0
0
0
0
0
0
0
0
0
0
0
0
0
0
0
0
0
0
0
0
0
0
0
0
0
0
0
0
0
0
0
0
0
0
0
0
0
0
0
0
0
0
0
0
0
0
0
0
0
0
0
0
0
0
0
0
0
0
0
0
0
0
0
0
0
0
0
0
0
0
0
0
0
0
0
0
0
0
0
0
0
0
0
0
0
0
0
0
0
0
0
0
0
0
0
0
0
0
0
0
0
0
0
0
0
0
0
0
0
0
0
0
0
0
0
0
0
0
0
0
0
0
0
0
0
0
0
0
0
0
0
0
0
3.48691e-07
4.44896e-06
0.00022171
0
1.41597e-06
2.41351e-07
0
0
0
0
0
0
0
0
0
0
0
0
0
0
1.01492e-05
2.31805e-05
0.00329726
)
;

boundaryField
{
    movingWall
    {
        type            calculated;
        value           nonuniform List<scalar> 
20
(
0
1.41597e-06
2.41351e-07
0
0
0
0
0
0
0
0
0
0
0
0
0
0
1.01492e-05
2.31805e-05
0.00329726
)
;
    }
    fixedWalls
    {
        type            calculated;
        value           nonuniform List<scalar> 
60
(
5.00919e-16
1.43152e-10
0
0
0
0
0
0
0
0
0
0
0
0
0
0
0
0
0
0
7.09401e-06
6.95452e-06
6.76203e-06
6.4025e-06
5.86392e-06
5.92842e-06
4.32419e-06
4.51122e-07
0
0
0
0
0
0
0
0
0
0
0.00022171
0.00329726
5.00919e-16
0
0
0
0
0
1.29789e-10
1.42069e-09
7.55797e-09
3.22513e-08
1.20139e-07
3.87603e-07
1.04894e-06
2.31083e-06
4.07861e-06
5.8256e-06
6.99556e-06
7.39615e-06
7.27654e-06
7.09401e-06
)
;
    }
    frontAndBack
    {
        type            empty;
    }
}


// ************************************************************************* //
