/*--------------------------------*- C++ -*----------------------------------*\
| =========                 |                                                 |
| \\      /  F ield         | OpenFOAM: The Open Source CFD Toolbox           |
|  \\    /   O peration     | Version:  2312                                  |
|   \\  /    A nd           | Website:  www.openfoam.com                      |
|    \\/     M anipulation  |                                                 |
\*---------------------------------------------------------------------------*/
FoamFile
{
    version     2.0;
    format      ascii;
    arch        "LSB;label=32;scalar=64";
    class       volScalarField;
    location    "5";
    object      magSqrP;
}
// * * * * * * * * * * * * * * * * * * * * * * * * * * * * * * * * * * * * * //

dimensions      [0 4 -4 0 0 0 0];

internalField   nonuniform List<scalar> 
400
(
2.00647e-31
0
1.40892e-25
1.50935e-28
3.48553e-27
1.1031e-30
0
0
0
0
0
0
0
0
0
0
0
0
0
0
0
0
0
0
2.53206e-29
0
0
0
0
0
0
0
0
0
0
0
0
0
0
0
2.32545e-27
0
0
0
0
0
0
0
0
0
0
0
0
0
0
0
0
0
0
0
0
1.03831e-24
0
6.15227e-30
0
0
0
0
0
0
0
0
0
0
0
0
0
0
0
0
0
0
0
0
0
0
0
0
0
0
0
0
0
0
0
0
0
0
0
0
6.16423e-29
1.3312e-24
0
2.64241e-29
0
0
0
0
0
0
0
0
0
0
0
0
0
0
0
0
0
0
0
0
0
0
0
0
0
0
0
0
0
0
0
0
0
0
0
0
6.73646e-28
1.08962e-24
0
3.84008e-30
0
0
0
0
0
0
0
0
0
0
0
0
0
0
0
0
0
0
0
0
0
0
0
0
0
0
0
0
0
0
0
0
0
0
0
0
1.48587e-27
7.57185e-25
0
0
0
0
0
0
0
0
0
0
0
0
0
0
0
0
0
0
0
0
0
0
0
0
0
0
0
0
0
0
0
0
0
0
0
0
0
0
2.1897e-27
4.865e-25
0
0
0
0
0
0
0
0
0
0
0
0
0
0
0
0
0
0
0
0
0
0
0
0
0
0
0
0
0
0
0
0
0
0
0
0
0
0
2.53666e-27
3.08861e-25
0
0
0
0
0
0
0
0
0
0
0
0
0
0
0
0
0
0
0
0
0
0
0
0
0
0
0
0
0
0
0
0
0
0
0
0
0
0
3.04319e-27
2.03731e-25
0
0
0
0
0
0
0
0
0
0
0
0
0
0
0
0
0
0
0
0
0
0
0
0
0
0
0
0
0
0
0
0
0
0
0
0
0
0
4.49629e-27
1.35526e-25
0
0
0
0
0
0
0
0
0
0
0
0
0
0
0
0
0
0
0
0
1.42383e-28
0
3.73902e-29
0
0
0
0
0
0
0
0
0
0
0
0
0
0
0
4.26125e-28
0
9.68177e-26
0
1.66197e-27
0
0
0
0
0
0
0
0
0
0
0
0
0
0
0
)
;

boundaryField
{
    movingWall
    {
        type            calculated;
        value           nonuniform List<scalar> 
20
(
4.26125e-28
0
9.68177e-26
0
1.66197e-27
0
0
0
0
0
0
0
0
0
0
0
0
0
0
0
)
;
    }
    fixedWalls
    {
        type            calculated;
        value           nonuniform List<scalar> 
60
(
2.00647e-31
0
2.32545e-27
0
0
6.16423e-29
0
6.73646e-28
0
1.48587e-27
0
2.1897e-27
0
2.53666e-27
0
3.04319e-27
0
4.49629e-27
0
4.26125e-28
0
0
0
0
0
0
0
0
0
0
0
0
0
0
0
0
0
0
0
0
2.00647e-31
0
1.40892e-25
1.50935e-28
3.48553e-27
1.1031e-30
0
0
0
0
0
0
0
0
0
0
0
0
0
0
)
;
    }
    frontAndBack
    {
        type            empty;
    }
}


// ************************************************************************* //
