/*--------------------------------*- C++ -*----------------------------------*\
| =========                 |                                                 |
| \\      /  F ield         | OpenFOAM: The Open Source CFD Toolbox           |
|  \\    /   O peration     | Version:  2312                                  |
|   \\  /    A nd           | Website:  www.openfoam.com                      |
|    \\/     M anipulation  |                                                 |
\*---------------------------------------------------------------------------*/
FoamFile
{
    version     2.0;
    format      ascii;
    arch        "LSB;label=32;scalar=64";
    class       volScalarField;
    location    "5";
    object      pNear;
}
// * * * * * * * * * * * * * * * * * * * * * * * * * * * * * * * * * * * * * //

dimensions      [0 2 -2 0 0 0 0];

internalField   nonuniform List<scalar> 
400
(
4.47936e-16
0
3.75356e-13
1.22856e-14
5.90384e-14
1.05029e-15
0
0
0
0
0
0
0
0
0
0
0
0
0
0
0
0
0
0
5.03196e-15
0
0
0
0
0
0
0
0
0
0
0
0
0
0
0
4.82229e-14
0
0
0
0
0
0
0
0
0
0
0
0
0
0
0
0
0
0
0
0
1.01898e-12
0
2.48038e-15
0
0
0
0
0
0
0
0
0
0
0
0
0
0
0
0
0
0
0
0
0
0
0
0
0
0
0
0
0
0
0
0
0
0
0
0
7.85126e-15
1.15378e-12
0
5.14043e-15
0
0
0
0
0
0
0
0
0
0
0
0
0
0
0
0
0
0
0
0
0
0
0
0
0
0
0
0
0
0
0
0
0
0
0
0
2.59547e-14
1.04385e-12
0
1.95961e-15
0
0
0
0
0
0
0
0
0
0
0
0
0
0
0
0
0
0
0
0
0
0
0
0
0
0
0
0
0
0
0
0
0
0
0
0
3.85469e-14
8.70164e-13
0
0
0
0
0
0
0
0
0
0
0
0
0
0
0
0
0
0
0
0
0
0
0
0
0
0
0
0
0
0
0
0
0
0
0
0
0
0
4.67943e-14
6.97496e-13
0
0
0
0
0
0
0
0
0
0
0
0
0
0
0
0
0
0
0
0
0
0
0
0
0
0
0
0
0
0
0
0
0
0
0
0
0
0
5.03653e-14
5.55752e-13
0
0
0
0
0
0
0
0
0
0
0
0
0
0
0
0
0
0
0
0
0
0
0
0
0
0
0
0
0
0
0
0
0
0
0
0
0
0
5.51651e-14
4.51366e-13
0
0
0
0
0
0
0
0
0
0
0
0
0
0
0
0
0
0
0
0
0
0
0
0
0
0
0
0
0
0
0
0
0
0
0
0
0
0
6.70544e-14
3.68138e-13
0
0
0
0
0
0
0
0
0
0
0
0
0
0
0
0
0
0
0
0
1.19324e-14
0
6.11475e-15
0
0
0
0
0
0
0
0
0
0
0
0
0
0
0
2.06428e-14
0
3.11155e-13
0
4.07672e-14
0
0
0
0
0
0
0
0
0
0
0
0
0
0
0
)
;

boundaryField
{
    movingWall
    {
        type            zeroGradient;
    }
    fixedWalls
    {
        type            calculated;
        value           nonuniform List<scalar> 
60
(
3.80746e-16
7.30063e-15
3.37561e-14
7.23344e-15
1.17769e-15
5.49588e-15
5.07089e-15
1.81683e-14
9.67525e-15
2.69829e-14
1.28012e-14
3.2756e-14
1.45739e-14
3.52557e-14
1.58296e-14
3.86156e-14
1.83329e-14
4.69381e-14
1.31546e-14
1.75464e-14
0
0
0
0
0
0
0
0
0
0
0
0
0
0
0
0
0
0
0
0
3.80746e-16
5.63706e-14
2.64592e-13
7.3759e-14
4.33273e-14
9.59096e-15
1.57543e-16
0
0
0
0
0
0
0
0
0
0
0
0
0
)
;
    }
    frontAndBack
    {
        type            empty;
    }
}


// ************************************************************************* //
