/*--------------------------------*- C++ -*----------------------------------*\
| =========                 |                                                 |
| \\      /  F ield         | OpenFOAM: The Open Source CFD Toolbox           |
|  \\    /   O peration     | Version:  2312                                  |
|   \\  /    A nd           | Website:  www.openfoam.com                      |
|    \\/     M anipulation  |                                                 |
\*---------------------------------------------------------------------------*/
FoamFile
{
    version     2.0;
    format      ascii;
    arch        "LSB;label=32;scalar=64";
    class       volScalarField;
    location    "5";
    object      powk;
}
// * * * * * * * * * * * * * * * * * * * * * * * * * * * * * * * * * * * * * //

dimensions      [0 0.5 -0.5 0 0 0 0];

internalField   nonuniform List<scalar> 
400
(
2.53078
2.53078
2.53078
2.53078
2.53078
2.53078
2.53078
2.53078
2.53078
2.53078
2.53078
2.53078
2.53078
2.53078
2.53078
2.53078
2.53078
2.53078
2.53078
2.53078
2.53148
2.53148
2.53147
2.53147
2.53147
2.53147
2.53147
2.53147
2.53147
2.53147
2.53147
2.53147
2.53147
2.53147
2.53147
2.53147
2.53147
2.53147
2.53147
2.53147
2.53233
2.53233
2.53232
2.53232
2.53232
2.53232
2.53232
2.53232
2.53232
2.53232
2.53232
2.53232
2.53232
2.53232
2.53232
2.53232
2.53232
2.53232
2.53232
2.53232
2.53299
2.53299
2.53299
2.53299
2.53299
2.53299
2.53299
2.53299
2.53299
2.53299
2.53299
2.53299
2.53299
2.53299
2.53299
2.53299
2.53299
2.53299
2.53299
2.53299
2.53342
2.53342
2.53342
2.53342
2.53342
2.53342
2.53342
2.53342
2.53342
2.53342
2.53342
2.53342
2.53342
2.53342
2.53342
2.53342
2.53342
2.53342
2.53342
2.53342
2.53368
2.53368
2.53367
2.53367
2.53367
2.53367
2.53367
2.53367
2.53367
2.53367
2.53367
2.53367
2.53367
2.53367
2.53367
2.53367
2.53367
2.53367
2.53367
2.53367
2.53382
2.53382
2.53382
2.53382
2.53382
2.53382
2.53382
2.53382
2.53381
2.53381
2.53381
2.53381
2.53381
2.53381
2.53381
2.53381
2.53381
2.53381
2.53381
2.53381
2.53391
2.5339
2.5339
2.5339
2.5339
2.5339
2.5339
2.5339
2.5339
2.5339
2.5339
2.5339
2.5339
2.5339
2.5339
2.5339
2.5339
2.5339
2.5339
2.5339
2.53396
2.53396
2.53396
2.53396
2.53396
2.53396
2.53396
2.53396
2.53395
2.53395
2.53395
2.53395
2.53395
2.53395
2.53395
2.53395
2.53395
2.53395
2.53395
2.53395
2.534
2.534
2.534
2.534
2.534
2.534
2.534
2.534
2.534
2.534
2.534
2.534
2.53399
2.53399
2.53399
2.53399
2.53399
2.53399
2.53399
2.53399
2.53404
2.53404
2.53404
2.53404
2.53404
2.53403
2.53403
2.53403
2.53403
2.53403
2.53403
2.53403
2.53403
2.53403
2.53403
2.53403
2.53403
2.53403
2.53403
2.53403
2.53407
2.53407
2.53407
2.53407
2.53407
2.53407
2.53407
2.53407
2.53407
2.53407
2.53407
2.53407
2.53407
2.53407
2.53407
2.53407
2.53407
2.53407
2.53407
2.53407
2.53411
2.53411
2.53411
2.53411
2.53411
2.53411
2.53411
2.53411
2.53411
2.53411
2.53411
2.53411
2.53411
2.53411
2.53411
2.53411
2.5341
2.5341
2.5341
2.5341
2.53416
2.53416
2.53415
2.53415
2.53415
2.53415
2.53415
2.53415
2.53415
2.53415
2.53415
2.53415
2.53415
2.53415
2.53415
2.53415
2.53415
2.53415
2.53415
2.53415
2.5342
2.5342
2.5342
2.5342
2.5342
2.5342
2.5342
2.5342
2.5342
2.5342
2.5342
2.5342
2.5342
2.5342
2.5342
2.5342
2.53419
2.53419
2.53419
2.53419
2.53426
2.53426
2.53426
2.53426
2.53425
2.53425
2.53425
2.53425
2.53425
2.53425
2.53425
2.53425
2.53425
2.53425
2.53425
2.53425
2.53425
2.53425
2.53425
2.53425
2.53432
2.53432
2.53432
2.53431
2.53431
2.53431
2.53431
2.53431
2.53431
2.53431
2.53431
2.53431
2.53431
2.53431
2.53431
2.53431
2.53431
2.53431
2.53431
2.53431
2.53438
2.53438
2.53438
2.53437
2.53437
2.53437
2.53437
2.53437
2.53437
2.53437
2.53437
2.53437
2.53437
2.53437
2.53437
2.53437
2.53437
2.53437
2.53437
2.53437
2.53443
2.53443
2.53443
2.53443
2.53443
2.53443
2.53442
2.53442
2.53442
2.53442
2.53442
2.53442
2.53442
2.53442
2.53442
2.53442
2.53442
2.53442
2.53442
2.53442
2.53445
2.53445
2.53445
2.53445
2.53445
2.53445
2.53445
2.53445
2.53445
2.53445
2.53445
2.53445
2.53445
2.53445
2.53445
2.53445
2.53445
2.53445
2.53445
2.53445
)
;

boundaryField
{
    movingWall
    {
        type            calculated;
        value           nonuniform List<scalar> 
20
(
2.53445
2.53445
2.53445
2.53445
2.53445
2.53445
2.53445
2.53445
2.53445
2.53445
2.53445
2.53445
2.53445
2.53445
2.53445
2.53445
2.53445
2.53445
2.53445
2.53445
)
;
    }
    fixedWalls
    {
        type            calculated;
        value           nonuniform List<scalar> 
60
(
2.53078
2.53148
2.53233
2.53299
2.53342
2.53368
2.53382
2.53391
2.53396
2.534
2.53404
2.53407
2.53411
2.53416
2.5342
2.53426
2.53432
2.53438
2.53443
2.53445
2.53078
2.53147
2.53232
2.53299
2.53342
2.53367
2.53381
2.5339
2.53395
2.53399
2.53403
2.53407
2.5341
2.53415
2.53419
2.53425
2.53431
2.53437
2.53442
2.53445
2.53078
2.53078
2.53078
2.53078
2.53078
2.53078
2.53078
2.53078
2.53078
2.53078
2.53078
2.53078
2.53078
2.53078
2.53078
2.53078
2.53078
2.53078
2.53078
2.53078
)
;
    }
    frontAndBack
    {
        type            empty;
    }
}


// ************************************************************************* //
