/*--------------------------------*- C++ -*----------------------------------*\
| =========                 |                                                 |
| \\      /  F ield         | OpenFOAM: The Open Source CFD Toolbox           |
|  \\    /   O peration     | Version:  2312                                  |
|   \\  /    A nd           | Website:  www.openfoam.com                      |
|    \\/     M anipulation  |                                                 |
\*---------------------------------------------------------------------------*/
FoamFile
{
    version     2.0;
    format      ascii;
    arch        "LSB;label=32;scalar=64";
    class       volScalarField;
    location    "1.625";
    object      diffP;
}
// * * * * * * * * * * * * * * * * * * * * * * * * * * * * * * * * * * * * * //

dimensions      [0 2 -2 0 0 0 0];

internalField   nonuniform List<scalar> 
400
(
-3
-3
-3
-3
-3.00005
-3.00011
-3.0002
-3.00032
-3.0005
-3.00076
-3.00113
-3.00165
-3.00233
-3.00311
-3.00385
-3.00442
-3.00474
-3.00484
-3.00479
-3.00473
-3.00002
-3
-3
-3.00001
-3.00005
-3.00011
-3.00018
-3.00028
-3.00043
-3.00064
-3.00096
-3.00143
-3.00207
-3.00284
-3.00362
-3.00426
-3.00464
-3.00477
-3.00475
-3.00468
-3
-3
-3
-3
-3
-3
-3.00005
-3.00011
-3.00019
-3.00034
-3.0006
-3.001
-3.00161
-3.00244
-3.00336
-3.00415
-3.00461
-3.00477
-3.00472
-3.00461
-3
-3
-3
-3
-3
-3
-3
-3
-3
-3
-3
-3.00026
-3.00076
-3.00168
-3.00279
-3.00384
-3.00452
-3.00472
-3.00468
-3.0045
-3
-3
-3
-3
-3
-3
-3
-3
-3
-3
-3
-3
-3
-3
-3.00015
-3.00175
-3.00339
-3.00437
-3.00462
-3.00428
-3
-3
-3
-3
-3
-3
-3
-3
-3
-3
-3
-3
-3
-3
-3
-3
-3
-3.00251
-3.00433
-3.0043
-3
-3
-3
-3
-3
-3
-3
-3
-3
-3
-3
-3
-3
-3
-3
-3
-3
-3
-3.00298
-3.00416
-3
-3
-3
-3
-3
-3
-3
-3
-3
-3
-3
-3
-3
-3
-3
-3
-3
-3
-3
-3.00268
-3
-3
-3
-3
-3
-3
-3
-3
-3
-3
-3
-3
-3
-3
-3
-3
-3
-3
-3
-3
-3
-3
-3
-3
-3
-3
-3
-3
-3
-3
-3
-3
-3
-3
-3
-3
-3
-3
-3
-3
-3
-3
-3
-3
-3
-3
-3
-3
-3
-3
-3
-3
-3
-3
-3
-3
-3
-3
-3
-3
-3
-3
-3
-3
-3
-3
-3
-3
-3
-3
-3
-3
-3
-3
-3
-3
-3
-3
-3
-3
-3
-3
-3
-3
-3
-3
-3
-3
-3
-3
-3
-3
-3
-3
-3
-3
-3
-3
-3
-3
-3
-3
-3
-3
-3
-3
-3
-3
-3
-3
-3
-3
-3
-3
-3
-3
-3
-3
-3
-3
-3
-3
-3
-3
-3
-3
-3
-3
-3
-3
-3
-3
-3
-3
-3
-3
-3
-3
-3
-3
-3
-3
-3
-3
-3
-3
-3
-3
-3
-3
-3
-3
-3
-3
-3
-3
-3
-3
-3
-3
-3
-3
-3
-3
-3
-3
-3
-3
-3
-3
-3
-3
-3
-3
-3
-3
-3
-3
-3
-3
-3
-3
-3
-3
-3
-3
-3
-3
-3
-3
-3
-3
-3
-3
-3
-3
-3
-3
-3
-3
-3
-3
-3
-3
-3
-3
-3
-3
-3
-3
-3
-3
-3
-3
-3
-3
-3
-3.00097
-3.00403
-3.02957
-3
-3.00239
-3.00095
-3
-3
-3
-3
-3
-3
-3
-3
-3
-3
-3
-3
-3
-3
-3.00613
-3.00938
-3.11447
)
;

boundaryField
{
    movingWall
    {
        type            calculated;
        value           nonuniform List<scalar> 
20
(
-3
-3.00239
-3.00095
-3
-3
-3
-3
-3
-3
-3
-3
-3
-3
-3
-3
-3
-3
-3.00613
-3.00938
-3.11447
)
;
    }
    fixedWalls
    {
        type            calculated;
        value           nonuniform List<scalar> 
60
(
-3
-3.00002
-3
-3
-3
-3
-3
-3
-3
-3
-3
-3
-3
-3
-3
-3
-3
-3
-3
-3
-3.00473
-3.00468
-3.00461
-3.0045
-3.00428
-3.0043
-3.00416
-3.00268
-3
-3
-3
-3
-3
-3
-3
-3
-3
-3
-3.02957
-3.11447
-3
-3
-3
-3
-3.00005
-3.00011
-3.0002
-3.00032
-3.0005
-3.00076
-3.00113
-3.00165
-3.00233
-3.00311
-3.00385
-3.00442
-3.00474
-3.00484
-3.00479
-3.00473
)
;
    }
    frontAndBack
    {
        type            empty;
    }
}


// ************************************************************************* //
