/*--------------------------------*- C++ -*----------------------------------*\
| =========                 |                                                 |
| \\      /  F ield         | OpenFOAM: The Open Source CFD Toolbox           |
|  \\    /   O peration     | Version:  2312                                  |
|   \\  /    A nd           | Website:  www.openfoam.com                      |
|    \\/     M anipulation  |                                                 |
\*---------------------------------------------------------------------------*/
FoamFile
{
    version     2.0;
    format      ascii;
    arch        "LSB;label=32;scalar=64";
    class       volScalarField;
    location    "1.625";
    object      staticP;
}
// * * * * * * * * * * * * * * * * * * * * * * * * * * * * * * * * * * * * * //

dimensions      [1 -1 -2 0 0 0 0];

internalField   nonuniform List<scalar> 
400
(
1
1
1
1
1.00002
1.00005
1.0001
1.00016
1.00025
1.00038
1.00056
1.00083
1.00117
1.00156
1.00193
1.00221
1.00237
1.00242
1.0024
1.00237
1.00001
1
1
1.00001
1.00003
1.00005
1.00009
1.00014
1.00021
1.00032
1.00048
1.00072
1.00103
1.00142
1.00181
1.00213
1.00232
1.00239
1.00237
1.00234
1
1
1
1
1
1
1.00002
1.00005
1.0001
1.00017
1.0003
1.0005
1.00081
1.00122
1.00168
1.00207
1.00231
1.00238
1.00236
1.00231
1
1
1
1
1
1
1
1
1
1
1
1.00013
1.00038
1.00084
1.0014
1.00192
1.00226
1.00236
1.00234
1.00225
1
1
1
1
1
1
1
1
1
1
1
1
1
1
1.00007
1.00088
1.0017
1.00219
1.00231
1.00214
1
1
1
1
1
1
1
1
1
1
1
1
1
1
1
1
1
1.00125
1.00217
1.00215
1
1
1
1
1
1
1
1
1
1
1
1
1
1
1
1
1
1
1.00149
1.00208
1
1
1
1
1
1
1
1
1
1
1
1
1
1
1
1
1
1
1
1.00134
1
1
1
1
1
1
1
1
1
1
1
1
1
1
1
1
1
1
1
1
1
1
1
1
1
1
1
1
1
1
1
1
1
1
1
1
1
1
1
1
1
1
1
1
1
1
1
1
1
1
1
1
1
1
1
1
1
1
1
1
1
1
1
1
1
1
1
1
1
1
1
1
1
1
1
1
1
1
1
1
1
1
1
1
1
1
1
1
1
1
1
1
1
1
1
1
1
1
1
1
1
1
1
1
1
1
1
1
1
1
1
1
1
1
1
1
1
1
1
1
1
1
1
1
1
1
1
1
1
1
1
1
1
1
1
1
1
1
1
1
1
1
1
1
1
1
1
1
1
1
1
1
1
1
1
1
1
1
1
1
1
1
1
1
1
1
1
1
1
1
1
1
1
1
1
1
1
1
1
1
1
1
1
1
1
1
1
1
1
1
1
1
1
1
1
1
1
1
1
1
1
1
1
1
1
1
1
1
1
1
1
1
1
1
1
1
1
1.00048
1.00201
1.01478
1
1.00119
1.00048
1
1
1
1
1
1
1
1
1
1
1
1
1
1
1.00307
1.00469
1.05723
)
;

boundaryField
{
    movingWall
    {
        type            calculated;
        value           nonuniform List<scalar> 
20
(
1
1.00119
1.00048
1
1
1
1
1
1
1
1
1
1
1
1
1
1
1.00307
1.00469
1.05723
)
;
    }
    fixedWalls
    {
        type            calculated;
        value           nonuniform List<scalar> 
60
(
1
1.00001
1
1
1
1
1
1
1
1
1
1
1
1
1
1
1
1
1
1
1.00237
1.00234
1.00231
1.00225
1.00214
1.00215
1.00208
1.00134
1
1
1
1
1
1
1
1
1
1
1.01478
1.05723
1
1
1
1
1.00002
1.00005
1.0001
1.00016
1.00025
1.00038
1.00056
1.00083
1.00117
1.00156
1.00193
1.00221
1.00237
1.00242
1.0024
1.00237
)
;
    }
    frontAndBack
    {
        type            empty;
    }
}


// ************************************************************************* //
