/*--------------------------------*- C++ -*----------------------------------*\
| =========                 |                                                 |
| \\      /  F ield         | OpenFOAM: The Open Source CFD Toolbox           |
|  \\    /   O peration     | Version:  2312                                  |
|   \\  /    A nd           | Website:  www.openfoam.com                      |
|    \\/     M anipulation  |                                                 |
\*---------------------------------------------------------------------------*/
FoamFile
{
    version     2.0;
    format      ascii;
    arch        "LSB;label=32;scalar=64";
    class       volScalarField;
    location    "6.5";
    object      powk;
}
// * * * * * * * * * * * * * * * * * * * * * * * * * * * * * * * * * * * * * //

dimensions      [0 0.5 -0.5 0 0 0 0];

internalField   nonuniform List<scalar> 
400
(
2.52574
2.52574
2.52574
2.52574
2.52574
2.52574
2.52574
2.52574
2.52574
2.52574
2.52574
2.52574
2.52574
2.52574
2.52574
2.52574
2.52574
2.52574
2.52574
2.52574
2.52599
2.52599
2.52599
2.52599
2.52599
2.52599
2.52599
2.52599
2.52599
2.52599
2.52599
2.52599
2.52599
2.52599
2.52599
2.52599
2.52599
2.52599
2.52599
2.52599
2.52634
2.52634
2.52634
2.52634
2.52634
2.52634
2.52634
2.52634
2.52634
2.52634
2.52634
2.52634
2.52634
2.52634
2.52634
2.52634
2.52634
2.52634
2.52634
2.52634
2.52667
2.52667
2.52666
2.52666
2.52666
2.52666
2.52666
2.52666
2.52666
2.52666
2.52666
2.52666
2.52666
2.52666
2.52666
2.52666
2.52666
2.52666
2.52666
2.52666
2.5269
2.5269
2.5269
2.5269
2.5269
2.5269
2.5269
2.5269
2.5269
2.5269
2.5269
2.5269
2.5269
2.5269
2.5269
2.5269
2.5269
2.5269
2.5269
2.5269
2.52705
2.52705
2.52705
2.52705
2.52705
2.52705
2.52705
2.52705
2.52705
2.52705
2.52705
2.52705
2.52705
2.52705
2.52705
2.52705
2.52705
2.52705
2.52705
2.52705
2.52714
2.52714
2.52714
2.52714
2.52714
2.52714
2.52714
2.52714
2.52714
2.52714
2.52714
2.52714
2.52714
2.52714
2.52714
2.52714
2.52714
2.52714
2.52714
2.52714
2.5272
2.5272
2.5272
2.5272
2.5272
2.5272
2.5272
2.5272
2.5272
2.5272
2.5272
2.5272
2.5272
2.5272
2.5272
2.5272
2.52719
2.52719
2.52719
2.52719
2.52723
2.52723
2.52723
2.52723
2.52723
2.52723
2.52723
2.52723
2.52723
2.52723
2.52723
2.52723
2.52723
2.52723
2.52723
2.52723
2.52723
2.52723
2.52723
2.52723
2.52726
2.52726
2.52726
2.52726
2.52726
2.52726
2.52726
2.52726
2.52726
2.52726
2.52726
2.52726
2.52726
2.52726
2.52726
2.52726
2.52726
2.52726
2.52726
2.52726
2.52728
2.52728
2.52728
2.52728
2.52728
2.52728
2.52728
2.52728
2.52728
2.52728
2.52728
2.52728
2.52728
2.52728
2.52728
2.52728
2.52728
2.52728
2.52728
2.52728
2.5273
2.5273
2.5273
2.5273
2.5273
2.5273
2.5273
2.5273
2.5273
2.5273
2.5273
2.5273
2.5273
2.5273
2.5273
2.5273
2.5273
2.5273
2.5273
2.5273
2.52732
2.52732
2.52732
2.52732
2.52732
2.52732
2.52732
2.52732
2.52732
2.52732
2.52732
2.52732
2.52732
2.52732
2.52732
2.52732
2.52732
2.52732
2.52732
2.52732
2.52734
2.52734
2.52734
2.52734
2.52734
2.52734
2.52734
2.52734
2.52734
2.52734
2.52734
2.52734
2.52734
2.52734
2.52734
2.52734
2.52734
2.52734
2.52734
2.52734
2.52737
2.52737
2.52737
2.52737
2.52736
2.52736
2.52736
2.52736
2.52736
2.52736
2.52736
2.52736
2.52736
2.52736
2.52736
2.52736
2.52736
2.52736
2.52736
2.52736
2.52739
2.52739
2.52739
2.52739
2.52739
2.52739
2.52739
2.52739
2.52739
2.52739
2.52739
2.52739
2.52739
2.52739
2.52739
2.52739
2.52739
2.52739
2.52739
2.52739
2.52742
2.52742
2.52742
2.52742
2.52742
2.52742
2.52742
2.52742
2.52742
2.52742
2.52742
2.52742
2.52742
2.52742
2.52742
2.52742
2.52742
2.52742
2.52742
2.52742
2.52745
2.52745
2.52745
2.52745
2.52745
2.52745
2.52745
2.52745
2.52745
2.52745
2.52745
2.52745
2.52745
2.52745
2.52745
2.52745
2.52745
2.52745
2.52745
2.52745
2.52747
2.52747
2.52747
2.52747
2.52747
2.52747
2.52747
2.52747
2.52747
2.52747
2.52747
2.52747
2.52747
2.52747
2.52747
2.52747
2.52747
2.52747
2.52747
2.52747
2.52748
2.52748
2.52748
2.52748
2.52748
2.52748
2.52748
2.52748
2.52748
2.52748
2.52748
2.52748
2.52748
2.52748
2.52748
2.52748
2.52748
2.52748
2.52748
2.52748
)
;

boundaryField
{
    movingWall
    {
        type            calculated;
        value           nonuniform List<scalar> 
20
(
2.52748
2.52748
2.52748
2.52748
2.52748
2.52748
2.52748
2.52748
2.52748
2.52748
2.52748
2.52748
2.52748
2.52748
2.52748
2.52748
2.52748
2.52748
2.52748
2.52748
)
;
    }
    fixedWalls
    {
        type            calculated;
        value           nonuniform List<scalar> 
60
(
2.52574
2.52599
2.52634
2.52667
2.5269
2.52705
2.52714
2.5272
2.52723
2.52726
2.52728
2.5273
2.52732
2.52734
2.52737
2.52739
2.52742
2.52745
2.52747
2.52748
2.52574
2.52599
2.52634
2.52666
2.5269
2.52705
2.52714
2.52719
2.52723
2.52726
2.52728
2.5273
2.52732
2.52734
2.52736
2.52739
2.52742
2.52745
2.52747
2.52748
2.52574
2.52574
2.52574
2.52574
2.52574
2.52574
2.52574
2.52574
2.52574
2.52574
2.52574
2.52574
2.52574
2.52574
2.52574
2.52574
2.52574
2.52574
2.52574
2.52574
)
;
    }
    frontAndBack
    {
        type            empty;
    }
}


// ************************************************************************* //
