/*--------------------------------*- C++ -*----------------------------------*\
| =========                 |                                                 |
| \\      /  F ield         | OpenFOAM: The Open Source CFD Toolbox           |
|  \\    /   O peration     | Version:  2312                                  |
|   \\  /    A nd           | Website:  www.openfoam.com                      |
|    \\/     M anipulation  |                                                 |
\*---------------------------------------------------------------------------*/
FoamFile
{
    version     2.0;
    format      ascii;
    arch        "LSB;label=32;scalar=64";
    class       volScalarField;
    location    "9.75";
    object      staticCoeffP;
}
// * * * * * * * * * * * * * * * * * * * * * * * * * * * * * * * * * * * * * //

dimensions      [0 0 0 0 0 0 0];

internalField   nonuniform List<scalar> 
400
(
8.88178e-16
6.66134e-15
3.10862e-15
3.55271e-15
3.55271e-15
3.55271e-15
3.55271e-15
3.55271e-15
3.55271e-15
3.9968e-15
3.55271e-15
3.55271e-15
3.9968e-15
3.9968e-15
3.55271e-15
3.10862e-15
3.55271e-15
3.9968e-15
4.44089e-15
3.9968e-15
4.88498e-15
0
3.55271e-15
3.10862e-15
3.9968e-15
3.55271e-15
3.55271e-15
3.10862e-15
3.10862e-15
3.55271e-15
3.55271e-15
3.55271e-15
3.55271e-15
3.9968e-15
3.55271e-15
3.10862e-15
3.55271e-15
3.9968e-15
4.44089e-15
3.9968e-15
3.10862e-15
4.88498e-15
3.55271e-15
4.44089e-15
3.55271e-15
3.55271e-15
3.55271e-15
3.55271e-15
3.55271e-15
3.55271e-15
3.55271e-15
3.55271e-15
3.55271e-15
3.10862e-15
3.10862e-15
3.55271e-15
3.9968e-15
3.9968e-15
4.44089e-15
4.88498e-15
1.77636e-15
6.21725e-15
3.55271e-15
3.9968e-15
3.9968e-15
3.9968e-15
3.9968e-15
3.9968e-15
3.55271e-15
3.55271e-15
3.55271e-15
3.9968e-15
3.55271e-15
3.10862e-15
3.10862e-15
3.9968e-15
3.9968e-15
3.9968e-15
4.44089e-15
4.88498e-15
4.44089e-15
0
3.9968e-15
3.55271e-15
3.9968e-15
4.44089e-15
4.44089e-15
4.44089e-15
3.9968e-15
3.55271e-15
3.55271e-15
3.9968e-15
3.55271e-15
3.10862e-15
3.55271e-15
3.9968e-15
3.9968e-15
3.9968e-15
4.44089e-15
5.32907e-15
2.66454e-15
5.77316e-15
3.9968e-15
4.44089e-15
4.44089e-15
4.88498e-15
4.44089e-15
4.44089e-15
4.44089e-15
3.9968e-15
3.9968e-15
4.44089e-15
3.9968e-15
3.55271e-15
3.9968e-15
4.44089e-15
3.9968e-15
3.9968e-15
4.44089e-15
5.32907e-15
3.55271e-15
7.99361e-15
3.9968e-15
4.44089e-15
4.44089e-15
4.88498e-15
4.88498e-15
4.44089e-15
4.88498e-15
4.44089e-15
4.44089e-15
4.44089e-15
3.9968e-15
3.9968e-15
3.9968e-15
3.9968e-15
3.9968e-15
4.44089e-15
4.88498e-15
4.88498e-15
6.66134e-15
0
4.44089e-15
3.55271e-15
4.44089e-15
4.88498e-15
4.88498e-15
4.88498e-15
4.88498e-15
4.88498e-15
4.88498e-15
4.44089e-15
4.44089e-15
4.44089e-15
4.44089e-15
3.9968e-15
3.9968e-15
4.44089e-15
4.88498e-15
4.88498e-15
3.9968e-15
9.32587e-15
4.44089e-15
4.88498e-15
4.44089e-15
4.88498e-15
4.88498e-15
4.88498e-15
4.88498e-15
4.88498e-15
4.88498e-15
4.44089e-15
4.44089e-15
4.88498e-15
4.44089e-15
4.44089e-15
4.44089e-15
4.44089e-15
4.88498e-15
4.88498e-15
3.9968e-15
3.9968e-15
4.44089e-15
4.88498e-15
4.44089e-15
4.88498e-15
4.88498e-15
5.32907e-15
4.88498e-15
4.88498e-15
4.88498e-15
4.44089e-15
4.44089e-15
4.44089e-15
4.44089e-15
4.44089e-15
3.9968e-15
4.88498e-15
4.88498e-15
5.32907e-15
3.9968e-15
8.88178e-16
4.44089e-15
4.44089e-15
4.88498e-15
4.88498e-15
5.32907e-15
4.88498e-15
4.88498e-15
5.32907e-15
4.88498e-15
4.44089e-15
4.44089e-15
4.44089e-15
4.44089e-15
4.88498e-15
4.44089e-15
4.88498e-15
4.88498e-15
5.32907e-15
3.10862e-15
1.24345e-14
4.44089e-15
4.88498e-15
4.44089e-15
4.88498e-15
4.88498e-15
4.88498e-15
4.88498e-15
4.88498e-15
5.32907e-15
4.44089e-15
4.44089e-15
4.44089e-15
4.88498e-15
4.88498e-15
4.88498e-15
4.88498e-15
5.32907e-15
5.32907e-15
5.32907e-15
0
4.88498e-15
3.9968e-15
4.88498e-15
4.88498e-15
4.88498e-15
4.88498e-15
5.32907e-15
4.88498e-15
4.88498e-15
4.44089e-15
4.88498e-15
4.88498e-15
4.88498e-15
5.32907e-15
4.88498e-15
5.32907e-15
5.32907e-15
4.88498e-15
3.9968e-15
9.32587e-15
4.44089e-15
4.88498e-15
4.44089e-15
4.88498e-15
4.88498e-15
5.32907e-15
5.32907e-15
5.32907e-15
4.88498e-15
4.88498e-15
5.32907e-15
5.32907e-15
5.32907e-15
4.88498e-15
4.88498e-15
4.88498e-15
5.77316e-15
5.77316e-15
4.44089e-15
3.55271e-15
4.88498e-15
4.44089e-15
4.44089e-15
4.88498e-15
5.32907e-15
5.32907e-15
5.32907e-15
5.77316e-15
5.32907e-15
4.88498e-15
4.88498e-15
5.32907e-15
5.32907e-15
4.88498e-15
4.88498e-15
4.88498e-15
5.77316e-15
5.77316e-15
5.32907e-15
4.44089e-16
4.88498e-15
4.44089e-15
4.88498e-15
4.88498e-15
5.32907e-15
5.32907e-15
5.77316e-15
5.77316e-15
5.77316e-15
5.77316e-15
5.32907e-15
5.32907e-15
5.32907e-15
5.32907e-15
4.88498e-15
4.88498e-15
5.77316e-15
6.21725e-15
3.10862e-15
9.76996e-15
4.88498e-15
4.88498e-15
4.88498e-15
4.88498e-15
5.32907e-15
5.77316e-15
5.77316e-15
5.77316e-15
5.77316e-15
5.77316e-15
5.32907e-15
5.32907e-15
5.32907e-15
5.32907e-15
5.32907e-15
5.32907e-15
5.77316e-15
6.21725e-15
5.32907e-15
3.55271e-15
4.88498e-15
4.44089e-15
4.88498e-15
5.32907e-15
5.32907e-15
5.77316e-15
5.32907e-15
6.21725e-15
6.21725e-15
5.77316e-15
5.32907e-15
5.32907e-15
5.32907e-15
6.21725e-15
5.32907e-15
4.88498e-15
5.77316e-15
6.21725e-15
6.66134e-15
0
4.88498e-15
4.44089e-15
4.88498e-15
5.32907e-15
5.77316e-15
5.32907e-15
5.77316e-15
5.77316e-15
6.21725e-15
6.21725e-15
5.77316e-15
5.77316e-15
5.77316e-15
6.21725e-15
5.77316e-15
5.32907e-15
5.77316e-15
5.77316e-15
2.22045e-15
8.43769e-15
4.88498e-15
4.88498e-15
4.44089e-15
5.32907e-15
5.77316e-15
5.77316e-15
5.77316e-15
5.77316e-15
6.21725e-15
6.66134e-15
5.77316e-15
5.77316e-15
5.77316e-15
5.77316e-15
5.77316e-15
4.88498e-15
5.77316e-15
6.21725e-15
)
;

boundaryField
{
    movingWall
    {
        type            calculated;
        value           nonuniform List<scalar> 
20
(
2.22045e-15
8.43769e-15
4.88498e-15
4.88498e-15
4.44089e-15
5.32907e-15
5.77316e-15
5.77316e-15
5.77316e-15
5.77316e-15
6.21725e-15
6.66134e-15
5.77316e-15
5.77316e-15
5.77316e-15
5.77316e-15
5.77316e-15
4.88498e-15
5.77316e-15
6.21725e-15
)
;
    }
    fixedWalls
    {
        type            calculated;
        value           nonuniform List<scalar> 
60
(
8.88178e-16
4.88498e-15
3.10862e-15
1.77636e-15
4.44089e-15
2.66454e-15
3.55271e-15
6.66134e-15
3.9968e-15
3.9968e-15
3.9968e-15
3.10862e-15
5.32907e-15
3.9968e-15
4.44089e-15
5.32907e-15
3.10862e-15
5.32907e-15
6.66134e-15
2.22045e-15
3.9968e-15
3.9968e-15
4.88498e-15
4.88498e-15
5.32907e-15
5.32907e-15
4.88498e-15
4.88498e-15
4.88498e-15
5.32907e-15
5.32907e-15
5.32907e-15
4.88498e-15
5.77316e-15
5.77316e-15
6.21725e-15
6.21725e-15
6.21725e-15
5.77316e-15
6.21725e-15
8.88178e-16
6.66134e-15
3.10862e-15
3.55271e-15
3.55271e-15
3.55271e-15
3.55271e-15
3.55271e-15
3.55271e-15
3.9968e-15
3.55271e-15
3.55271e-15
3.9968e-15
3.9968e-15
3.55271e-15
3.10862e-15
3.55271e-15
3.9968e-15
4.44089e-15
3.9968e-15
)
;
    }
    frontAndBack
    {
        type            empty;
    }
}


// ************************************************************************* //
