/*--------------------------------*- C++ -*----------------------------------*\
| =========                 |                                                 |
| \\      /  F ield         | OpenFOAM: The Open Source CFD Toolbox           |
|  \\    /   O peration     | Version:  2312                                  |
|   \\  /    A nd           | Website:  www.openfoam.com                      |
|    \\/     M anipulation  |                                                 |
\*---------------------------------------------------------------------------*/
FoamFile
{
    version     2.0;
    format      ascii;
    arch        "LSB;label=32;scalar=64";
    class       volScalarField;
    location    "4.75";
    object      pzeroGrad;
}
// * * * * * * * * * * * * * * * * * * * * * * * * * * * * * * * * * * * * * //

dimensions      [0 2 -2 0 0 0 0];

internalField   nonuniform List<scalar> 
400
(
2.10998e-16
0
7.92199e-13
2.51647e-14
1.41226e-13
1.70014e-14
1.49443e-14
0
0
0
0
0
0
0
0
0
0
0
0
0
0
2.97017e-13
1.41954e-14
2.32372e-14
2.50108e-14
8.69179e-15
0
0
0
0
0
0
0
0
0
0
0
0
0
0
2.09576e-14
0
0
0
2.39206e-16
0
0
0
0
0
0
0
0
0
0
0
0
0
0
0
4.21289e-15
2.39353e-12
0
3.33456e-14
0
0
0
0
0
0
0
0
0
0
0
0
0
0
0
0
0
0
0
0
0
0
0
0
0
0
0
0
0
0
0
0
0
0
0
0
1.05621e-13
2.55172e-12
0
3.34543e-14
0
0
0
0
0
0
0
0
0
0
0
0
0
0
0
0
0
0
0
0
0
0
0
0
0
0
0
0
0
0
0
0
0
0
0
0
1.71219e-13
2.11356e-12
0
1.63321e-14
0
0
0
0
0
0
0
0
0
0
0
0
0
0
0
0
0
0
0
0
0
0
0
0
0
0
0
0
0
0
0
0
0
0
0
0
1.96388e-13
1.59208e-12
0
0
0
0
0
0
0
0
0
0
0
0
0
0
0
0
0
0
0
0
0
0
0
0
0
0
0
0
0
0
0
0
0
0
0
0
0
0
1.8735e-13
1.16252e-12
0
0
0
0
0
0
0
0
0
0
0
0
0
0
0
0
0
0
0
0
0
0
0
0
0
0
0
0
0
0
0
0
0
0
0
0
0
0
1.61604e-13
8.62186e-13
0
0
0
0
0
0
0
0
0
0
0
0
0
0
0
0
0
0
0
0
0
0
0
0
0
0
0
0
0
0
0
0
0
0
0
0
0
0
1.4379e-13
6.52165e-13
0
0
0
0
0
0
0
0
0
0
0
0
0
0
0
0
0
0
0
0
0
0
0
0
0
0
0
0
0
0
0
0
0
0
0
0
0
0
1.53731e-13
4.43859e-13
0
0
0
0
0
0
0
0
0
0
0
0
0
0
0
0
0
0
0
0
2.9497e-14
0
1.41058e-14
0
0
0
0
0
0
0
0
0
0
0
0
0
0
0
5.60589e-14
0
6.33804e-13
0
8.76551e-14
0
0
0
0
0
0
0
0
0
0
0
0
0
0
0
)
;

boundaryField
{
    movingWall
    {
        type            zeroGradient;
    }
    fixedWalls
    {
        type            zeroGradient;
    }
    frontAndBack
    {
        type            empty;
    }
}


// ************************************************************************* //
