/*--------------------------------*- C++ -*----------------------------------*\
| =========                 |                                                 |
| \\      /  F ield         | OpenFOAM: The Open Source CFD Toolbox           |
|  \\    /   O peration     | Version:  2312                                  |
|   \\  /    A nd           | Website:  www.openfoam.com                      |
|    \\/     M anipulation  |                                                 |
\*---------------------------------------------------------------------------*/
FoamFile
{
    version     2.0;
    format      ascii;
    arch        "LSB;label=32;scalar=64";
    class       volScalarField;
    location    "4.875";
    object      staticCoeffP;
}
// * * * * * * * * * * * * * * * * * * * * * * * * * * * * * * * * * * * * * //

dimensions      [0 0 0 0 0 0 0];

internalField   nonuniform List<scalar> 
400
(
4.44089e-16
0
1.09246e-12
3.90799e-14
1.89626e-13
2.08722e-14
1.77636e-14
0
0
0
0
0
0
0
0
0
0
0
0
0
0
1.06137e-13
0
1.11022e-14
3.06422e-14
7.99361e-15
0
0
0
0
0
0
0
0
0
0
0
0
0
0
8.70415e-14
0
0
0
0
0
0
0
0
0
0
0
0
0
0
0
0
0
0
0
0
3.14104e-12
0
3.4639e-14
0
0
0
0
0
0
0
0
0
0
0
0
0
0
0
0
0
0
0
0
0
0
0
0
0
0
0
0
0
0
0
0
0
0
0
0
8.17124e-14
3.47722e-12
0
4.39648e-14
0
0
0
0
0
0
0
0
0
0
0
0
0
0
0
0
0
0
0
0
0
0
0
0
0
0
0
0
0
0
0
0
0
0
0
0
1.53211e-13
3.04423e-12
0
2.88658e-14
0
0
0
0
0
0
0
0
0
0
0
0
0
0
0
0
0
0
0
0
0
0
0
0
0
0
0
0
0
0
0
0
0
0
0
0
1.94511e-13
2.43627e-12
0
6.66134e-15
0
0
0
0
0
0
0
0
0
0
0
0
0
0
0
0
0
0
0
0
0
0
0
0
0
0
0
0
0
0
0
0
0
0
0
0
2.04725e-13
1.87939e-12
0
0
0
0
0
0
0
0
0
0
0
0
0
0
0
0
0
0
0
0
0
0
0
0
0
0
0
0
0
0
0
0
0
0
0
0
0
0
1.96287e-13
1.44862e-12
0
0
0
0
0
0
0
0
0
0
0
0
0
0
0
0
0
0
0
0
0
0
0
0
0
0
0
0
0
0
0
0
0
0
0
0
0
0
1.91847e-13
1.13864e-12
0
0
0
0
0
0
0
0
0
0
0
0
0
0
0
0
0
0
0
0
0
0
0
0
0
0
0
0
0
0
0
0
0
0
0
0
0
0
2.14939e-13
8.68638e-13
0
0
0
0
0
0
0
0
0
0
0
0
0
0
0
0
0
0
0
0
5.01821e-14
0
3.10862e-14
0
0
0
0
0
0
0
0
0
0
0
0
0
0
0
8.03801e-14
0
9.01057e-13
0
1.3145e-13
0
0
0
0
0
0
0
0
0
0
0
0
0
0
0
)
;

boundaryField
{
    movingWall
    {
        type            calculated;
        value           nonuniform List<scalar> 
20
(
8.03801e-14
0
9.01057e-13
0
1.3145e-13
0
0
0
0
0
0
0
0
0
0
0
0
0
0
0
)
;
    }
    fixedWalls
    {
        type            calculated;
        value           nonuniform List<scalar> 
60
(
4.44089e-16
0
8.70415e-14
0
0
8.17124e-14
0
1.53211e-13
0
1.94511e-13
0
2.04725e-13
0
1.96287e-13
0
1.91847e-13
0
2.14939e-13
0
8.03801e-14
0
0
0
0
0
0
0
0
0
0
0
0
0
0
0
0
0
0
0
0
4.44089e-16
0
1.09246e-12
3.90799e-14
1.89626e-13
2.08722e-14
1.77636e-14
0
0
0
0
0
0
0
0
0
0
0
0
0
)
;
    }
    frontAndBack
    {
        type            empty;
    }
}


// ************************************************************************* //
