/*--------------------------------*- C++ -*----------------------------------*\
| =========                 |                                                 |
| \\      /  F ield         | OpenFOAM: The Open Source CFD Toolbox           |
|  \\    /   O peration     | Version:  2312                                  |
|   \\  /    A nd           | Website:  www.openfoam.com                      |
|    \\/     M anipulation  |                                                 |
\*---------------------------------------------------------------------------*/
FoamFile
{
    version     2.0;
    format      ascii;
    arch        "LSB;label=32;scalar=64";
    class       volScalarField;
    location    "5.5";
    object      powk;
}
// * * * * * * * * * * * * * * * * * * * * * * * * * * * * * * * * * * * * * //

dimensions      [0 0.5 -0.5 0 0 0 0];

internalField   nonuniform List<scalar> 
400
(
2.52881
2.52881
2.52881
2.52881
2.52881
2.52881
2.52881
2.52881
2.52881
2.52881
2.52881
2.52881
2.52881
2.52881
2.52881
2.52881
2.52881
2.52881
2.52881
2.52881
2.52928
2.52928
2.52928
2.52928
2.52928
2.52928
2.52928
2.52928
2.52928
2.52928
2.52928
2.52928
2.52928
2.52928
2.52928
2.52928
2.52928
2.52928
2.52928
2.52928
2.5299
2.5299
2.5299
2.5299
2.5299
2.5299
2.5299
2.52989
2.52989
2.52989
2.52989
2.52989
2.52989
2.52989
2.52989
2.52989
2.52989
2.52989
2.52989
2.52989
2.53041
2.53041
2.53041
2.53041
2.53041
2.5304
2.5304
2.5304
2.5304
2.5304
2.5304
2.5304
2.5304
2.5304
2.5304
2.5304
2.5304
2.5304
2.5304
2.5304
2.53075
2.53075
2.53075
2.53075
2.53075
2.53075
2.53075
2.53075
2.53075
2.53075
2.53075
2.53075
2.53075
2.53075
2.53075
2.53075
2.53075
2.53075
2.53075
2.53075
2.53096
2.53096
2.53096
2.53096
2.53096
2.53096
2.53096
2.53096
2.53095
2.53095
2.53095
2.53095
2.53095
2.53095
2.53095
2.53095
2.53095
2.53095
2.53095
2.53095
2.53108
2.53108
2.53108
2.53108
2.53108
2.53108
2.53108
2.53108
2.53108
2.53108
2.53108
2.53107
2.53107
2.53107
2.53107
2.53107
2.53107
2.53107
2.53107
2.53107
2.53115
2.53115
2.53115
2.53115
2.53115
2.53115
2.53115
2.53115
2.53115
2.53115
2.53115
2.53115
2.53115
2.53115
2.53115
2.53115
2.53115
2.53115
2.53115
2.53115
2.5312
2.5312
2.5312
2.5312
2.53119
2.53119
2.53119
2.53119
2.53119
2.53119
2.53119
2.53119
2.53119
2.53119
2.53119
2.53119
2.53119
2.53119
2.53119
2.53119
2.53123
2.53123
2.53123
2.53123
2.53123
2.53123
2.53123
2.53123
2.53123
2.53123
2.53123
2.53123
2.53123
2.53123
2.53123
2.53123
2.53123
2.53123
2.53123
2.53123
2.53126
2.53126
2.53126
2.53126
2.53126
2.53126
2.53126
2.53126
2.53126
2.53126
2.53126
2.53126
2.53126
2.53126
2.53126
2.53125
2.53125
2.53125
2.53125
2.53125
2.53129
2.53129
2.53129
2.53129
2.53129
2.53129
2.53129
2.53129
2.53129
2.53128
2.53128
2.53128
2.53128
2.53128
2.53128
2.53128
2.53128
2.53128
2.53128
2.53128
2.53132
2.53132
2.53132
2.53132
2.53132
2.53132
2.53132
2.53132
2.53132
2.53131
2.53131
2.53131
2.53131
2.53131
2.53131
2.53131
2.53131
2.53131
2.53131
2.53131
2.53135
2.53135
2.53135
2.53135
2.53135
2.53135
2.53135
2.53135
2.53135
2.53135
2.53135
2.53135
2.53135
2.53135
2.53135
2.53135
2.53135
2.53135
2.53135
2.53135
2.53139
2.53139
2.53139
2.53139
2.53139
2.53139
2.53139
2.53139
2.53139
2.53138
2.53138
2.53138
2.53138
2.53138
2.53138
2.53138
2.53138
2.53138
2.53138
2.53138
2.53143
2.53143
2.53143
2.53143
2.53143
2.53143
2.53143
2.53143
2.53143
2.53143
2.53143
2.53143
2.53143
2.53143
2.53143
2.53142
2.53142
2.53142
2.53142
2.53142
2.53148
2.53148
2.53147
2.53147
2.53147
2.53147
2.53147
2.53147
2.53147
2.53147
2.53147
2.53147
2.53147
2.53147
2.53147
2.53147
2.53147
2.53147
2.53147
2.53147
2.53152
2.53152
2.53152
2.53152
2.53152
2.53152
2.53152
2.53152
2.53152
2.53152
2.53152
2.53152
2.53152
2.53152
2.53151
2.53151
2.53151
2.53151
2.53151
2.53151
2.53156
2.53156
2.53156
2.53156
2.53156
2.53156
2.53155
2.53155
2.53155
2.53155
2.53155
2.53155
2.53155
2.53155
2.53155
2.53155
2.53155
2.53155
2.53155
2.53155
2.53157
2.53157
2.53157
2.53157
2.53157
2.53157
2.53157
2.53157
2.53157
2.53157
2.53157
2.53157
2.53157
2.53157
2.53157
2.53157
2.53157
2.53157
2.53157
2.53157
)
;

boundaryField
{
    movingWall
    {
        type            calculated;
        value           nonuniform List<scalar> 
20
(
2.53157
2.53157
2.53157
2.53157
2.53157
2.53157
2.53157
2.53157
2.53157
2.53157
2.53157
2.53157
2.53157
2.53157
2.53157
2.53157
2.53157
2.53157
2.53157
2.53157
)
;
    }
    fixedWalls
    {
        type            calculated;
        value           nonuniform List<scalar> 
60
(
2.52881
2.52928
2.5299
2.53041
2.53075
2.53096
2.53108
2.53115
2.5312
2.53123
2.53126
2.53129
2.53132
2.53135
2.53139
2.53143
2.53148
2.53152
2.53156
2.53157
2.52881
2.52928
2.52989
2.5304
2.53075
2.53095
2.53107
2.53115
2.53119
2.53123
2.53125
2.53128
2.53131
2.53135
2.53138
2.53142
2.53147
2.53151
2.53155
2.53157
2.52881
2.52881
2.52881
2.52881
2.52881
2.52881
2.52881
2.52881
2.52881
2.52881
2.52881
2.52881
2.52881
2.52881
2.52881
2.52881
2.52881
2.52881
2.52881
2.52881
)
;
    }
    frontAndBack
    {
        type            empty;
    }
}


// ************************************************************************* //
