/*--------------------------------*- C++ -*----------------------------------*\
| =========                 |                                                 |
| \\      /  F ield         | OpenFOAM: The Open Source CFD Toolbox           |
|  \\    /   O peration     | Version:  2312                                  |
|   \\  /    A nd           | Website:  www.openfoam.com                      |
|    \\/     M anipulation  |                                                 |
\*---------------------------------------------------------------------------*/
FoamFile
{
    version     2.0;
    format      ascii;
    arch        "LSB;label=32;scalar=64";
    class       volScalarField;
    location    "6";
    object      powk;
}
// * * * * * * * * * * * * * * * * * * * * * * * * * * * * * * * * * * * * * //

dimensions      [0 0.5 -0.5 0 0 0 0];

internalField   nonuniform List<scalar> 
400
(
2.52715
2.52715
2.52715
2.52715
2.52715
2.52715
2.52715
2.52715
2.52715
2.52715
2.52715
2.52715
2.52715
2.52715
2.52715
2.52715
2.52715
2.52715
2.52715
2.52715
2.52749
2.52749
2.52749
2.52749
2.52749
2.52749
2.52749
2.52749
2.52749
2.52749
2.52749
2.52749
2.52749
2.52749
2.52749
2.52749
2.52749
2.52749
2.52749
2.52749
2.52795
2.52795
2.52795
2.52795
2.52795
2.52795
2.52795
2.52795
2.52795
2.52795
2.52795
2.52795
2.52795
2.52795
2.52795
2.52795
2.52795
2.52795
2.52795
2.52795
2.52835
2.52835
2.52835
2.52835
2.52835
2.52835
2.52835
2.52835
2.52835
2.52835
2.52835
2.52835
2.52835
2.52835
2.52835
2.52835
2.52835
2.52835
2.52835
2.52835
2.52863
2.52863
2.52863
2.52863
2.52863
2.52863
2.52863
2.52863
2.52863
2.52863
2.52863
2.52863
2.52863
2.52863
2.52863
2.52863
2.52863
2.52863
2.52863
2.52863
2.52881
2.52881
2.52881
2.52881
2.52881
2.52881
2.52881
2.52881
2.52881
2.52881
2.5288
2.5288
2.5288
2.5288
2.5288
2.5288
2.5288
2.5288
2.5288
2.5288
2.52891
2.52891
2.52891
2.52891
2.52891
2.52891
2.52891
2.52891
2.52891
2.52891
2.52891
2.52891
2.52891
2.52891
2.52891
2.52891
2.52891
2.52891
2.52891
2.52891
2.52897
2.52897
2.52897
2.52897
2.52897
2.52897
2.52897
2.52897
2.52897
2.52897
2.52897
2.52897
2.52897
2.52897
2.52897
2.52897
2.52897
2.52897
2.52897
2.52897
2.52901
2.52901
2.52901
2.52901
2.52901
2.52901
2.52901
2.52901
2.52901
2.52901
2.52901
2.52901
2.52901
2.52901
2.52901
2.52901
2.52901
2.52901
2.52901
2.52901
2.52904
2.52904
2.52904
2.52904
2.52904
2.52904
2.52904
2.52904
2.52904
2.52904
2.52904
2.52904
2.52904
2.52904
2.52904
2.52904
2.52904
2.52904
2.52904
2.52904
2.52907
2.52907
2.52907
2.52907
2.52907
2.52907
2.52906
2.52906
2.52906
2.52906
2.52906
2.52906
2.52906
2.52906
2.52906
2.52906
2.52906
2.52906
2.52906
2.52906
2.52909
2.52909
2.52909
2.52909
2.52909
2.52909
2.52909
2.52909
2.52909
2.52909
2.52909
2.52909
2.52909
2.52909
2.52909
2.52909
2.52909
2.52909
2.52909
2.52909
2.52911
2.52911
2.52911
2.52911
2.52911
2.52911
2.52911
2.52911
2.52911
2.52911
2.52911
2.52911
2.52911
2.52911
2.52911
2.52911
2.52911
2.52911
2.52911
2.52911
2.52914
2.52914
2.52914
2.52914
2.52914
2.52914
2.52914
2.52914
2.52914
2.52914
2.52914
2.52914
2.52914
2.52914
2.52914
2.52914
2.52914
2.52914
2.52914
2.52914
2.52917
2.52917
2.52917
2.52917
2.52917
2.52917
2.52917
2.52917
2.52917
2.52917
2.52917
2.52917
2.52917
2.52917
2.52917
2.52917
2.52917
2.52917
2.52917
2.52917
2.5292
2.5292
2.5292
2.5292
2.5292
2.5292
2.5292
2.5292
2.5292
2.5292
2.5292
2.5292
2.5292
2.5292
2.5292
2.5292
2.5292
2.5292
2.5292
2.5292
2.52924
2.52924
2.52924
2.52924
2.52924
2.52924
2.52924
2.52924
2.52924
2.52924
2.52924
2.52924
2.52924
2.52924
2.52924
2.52924
2.52924
2.52924
2.52924
2.52924
2.52927
2.52927
2.52927
2.52927
2.52927
2.52927
2.52927
2.52927
2.52927
2.52927
2.52927
2.52927
2.52927
2.52927
2.52927
2.52927
2.52927
2.52927
2.52927
2.52927
2.5293
2.5293
2.5293
2.5293
2.5293
2.5293
2.5293
2.5293
2.5293
2.5293
2.5293
2.5293
2.5293
2.5293
2.5293
2.5293
2.5293
2.5293
2.5293
2.5293
2.52932
2.52932
2.52932
2.52932
2.52932
2.52932
2.52932
2.52932
2.52932
2.52932
2.52932
2.52932
2.52932
2.52932
2.52932
2.52932
2.52932
2.52932
2.52932
2.52932
)
;

boundaryField
{
    movingWall
    {
        type            calculated;
        value           nonuniform List<scalar> 
20
(
2.52932
2.52932
2.52932
2.52932
2.52932
2.52932
2.52932
2.52932
2.52932
2.52932
2.52932
2.52932
2.52932
2.52932
2.52932
2.52932
2.52932
2.52932
2.52932
2.52932
)
;
    }
    fixedWalls
    {
        type            calculated;
        value           nonuniform List<scalar> 
60
(
2.52715
2.52749
2.52795
2.52835
2.52863
2.52881
2.52891
2.52897
2.52901
2.52904
2.52907
2.52909
2.52911
2.52914
2.52917
2.5292
2.52924
2.52927
2.5293
2.52932
2.52715
2.52749
2.52795
2.52835
2.52863
2.5288
2.52891
2.52897
2.52901
2.52904
2.52906
2.52909
2.52911
2.52914
2.52917
2.5292
2.52924
2.52927
2.5293
2.52932
2.52715
2.52715
2.52715
2.52715
2.52715
2.52715
2.52715
2.52715
2.52715
2.52715
2.52715
2.52715
2.52715
2.52715
2.52715
2.52715
2.52715
2.52715
2.52715
2.52715
)
;
    }
    frontAndBack
    {
        type            empty;
    }
}


// ************************************************************************* //
