/*--------------------------------*- C++ -*----------------------------------*\
| =========                 |                                                 |
| \\      /  F ield         | OpenFOAM: The Open Source CFD Toolbox           |
|  \\    /   O peration     | Version:  2312                                  |
|   \\  /    A nd           | Website:  www.openfoam.com                      |
|    \\/     M anipulation  |                                                 |
\*---------------------------------------------------------------------------*/
FoamFile
{
    version     2.0;
    format      ascii;
    arch        "LSB;label=32;scalar=64";
    class       volScalarField;
    location    "2.375";
    object      staticP;
}
// * * * * * * * * * * * * * * * * * * * * * * * * * * * * * * * * * * * * * //

dimensions      [1 -1 -2 0 0 0 0];

internalField   nonuniform List<scalar> 
400
(
1
1
1
1
1
1
1
1
1
1
1
1
1
1.00017
1.00194
1.00369
1.00483
1.00521
1.00508
1.00491
1.00004
1.00001
1
1
1
1
1
1
1
1
1
1
1
1
1.00089
1.00275
1.0042
1.00487
1.00496
1.0048
1.00006
1.00001
1
1
1
1
1
1
1
1
1
1
1
1
1
1.00047
1.00254
1.00414
1.00478
1.00465
1.00002
1
1
1
1
1
1
1
1
1
1
1
1
1
1
1
1
1.00223
1.00419
1.00444
1
1
1
1
1
1
1
1
1
1
1
1
1
1
1
1
1
1
1.00254
1.00372
1
1
1
1
1
1
1
1
1
1
1
1
1
1
1
1
1
1
1
1.00197
1
1
1
1
1
1
1
1
1
1
1
1
1
1
1
1
1
1
1
1
1
1
1
1
1
1
1
1
1
1
1
1
1
1
1
1
1
1
1
1
1
1
1
1
1
1
1
1
1
1
1
1
1
1
1
1
1
1
1
1
1
1
1
1
1
1
1
1
1
1
1
1
1
1
1
1
1
1
1
1
1
1
1
1
1
1
1
1
1
1
1
1
1
1
1
1
1
1
1
1
1
1
1
1
1
1
1
1
1
1
1
1
1
1
1
1
1
1
1
1
1
1
1
1
1
1
1
1
1
1
1
1
1
1
1
1
1
1
1
1
1
1
1
1
1
1
1
1
1
1
1
1
1
1
1
1
1
1
1
1
1
1
1
1
1
1
1
1
1
1
1
1
1
1
1
1
1
1
1
1
1
1
1
1
1
1
1
1
1
1
1
1
1
1
1
1
1
1
1
1
1
1
1
1
1
1
1
1
1
1
1
1
1
1
1
1
1
1
1
1
1
1
1
1
1
1
1
1
1
1
1
1
1
1
1
1
1
1
1
1
1
1
1
1
1
1
1
1
1
1
1
1
1
1
1
1
1
1.00091
1.00249
1.01543
1
1.00138
1.00074
1
1
1
1
1
1
1
1
1
1
1
1
1
1
1.00356
1.00545
1.0587
)
;

boundaryField
{
    movingWall
    {
        type            calculated;
        value           nonuniform List<scalar> 
20
(
1
1.00138
1.00074
1
1
1
1
1
1
1
1
1
1
1
1
1
1
1.00356
1.00545
1.0587
)
;
    }
    fixedWalls
    {
        type            calculated;
        value           nonuniform List<scalar> 
60
(
1
1.00004
1.00006
1.00002
1
1
1
1
1
1
1
1
1
1
1
1
1
1
1
1
1.00491
1.0048
1.00465
1.00444
1.00372
1.00197
1
1
1
1
1
1
1
1
1
1
1
1
1.01543
1.0587
1
1
1
1
1
1
1
1
1
1
1
1
1
1.00017
1.00194
1.00369
1.00483
1.00521
1.00508
1.00491
)
;
    }
    frontAndBack
    {
        type            empty;
    }
}


// ************************************************************************* //
