/*--------------------------------*- C++ -*----------------------------------*\
| =========                 |                                                 |
| \\      /  F ield         | OpenFOAM: The Open Source CFD Toolbox           |
|  \\    /   O peration     | Version:  2312                                  |
|   \\  /    A nd           | Website:  www.openfoam.com                      |
|    \\/     M anipulation  |                                                 |
\*---------------------------------------------------------------------------*/
FoamFile
{
    version     2.0;
    format      ascii;
    arch        "LSB;label=32;scalar=64";
    class       volScalarField;
    location    "2.75";
    object      pNear;
}
// * * * * * * * * * * * * * * * * * * * * * * * * * * * * * * * * * * * * * //

dimensions      [0 2 -2 0 0 0 0];

internalField   nonuniform List<scalar> 
400
(
0
0
0
0
0
0
0
0
0
0
0
0
0
0
0
0
0
0
0
0
1.00155e-07
0
0
0
0
0
0
0
0
0
0
0
0
0
0
0
0
0
0
0
1.7368e-07
0
0
0
0
0
0
0
0
0
0
0
0
0
0
0
0
0
0
0
1.90849e-07
0
0
0
0
0
0
0
0
0
0
0
0
0
0
0
0
0
0
0
0
0
0
0
0
0
0
0
0
0
0
0
0
0
0
0
0
0
0
0
0
0
0
0
0
0
0
0
0
0
0
0
0
0
0
0
0
0
0
0
0
2.79992e-07
0
0
0
0
0
0
0
0
0
0
0
0
0
0
0
0
0
0
0
1.59321e-07
0
0
0
0
0
0
0
0
0
0
0
0
0
0
0
0
0
0
0
0
0
0
0
0
0
0
0
0
0
0
0
0
0
0
0
0
0
0
0
0
0
0
0
0
0
0
0
0
0
0
0
0
0
0
0
0
0
0
0
0
0
0
0
0
0
0
0
0
0
0
0
0
0
0
0
0
0
0
0
0
0
0
0
0
0
0
0
0
0
0
0
0
0
0
0
0
0
0
0
1.8585e-07
0
0
0
0
0
0
0
0
0
0
0
0
0
0
0
0
0
0
0
1.06759e-07
0
0
0
0
0
0
0
0
0
0
0
0
0
0
0
0
0
0
0
1.34394e-06
0
0
0
0
0
0
0
0
0
0
0
0
0
0
0
0
0
0
0
9.0893e-07
0
0
0
0
0
0
0
0
0
0
0
0
0
0
0
0
0
0
0
4.81887e-06
0
7.06199e-08
0
0
0
0
0
0
0
0
0
0
0
0
0
0
0
0
0
4.47276e-06
0
0
0
0
0
0
0
0
0
0
0
0
0
0
0
0
0
0
1.01814e-07
5.52879e-07
0
0
0
0
0
0
0
0
0
0
0
0
0
0
0
0
0
0
1.73056e-05
0
1.07797e-06
0
0
0
0
0
0
0
0
0
0
0
0
0
0
0
0
0
)
;

boundaryField
{
    movingWall
    {
        type            zeroGradient;
    }
    fixedWalls
    {
        type            calculated;
        value           nonuniform List<scalar> 
60
(
1.50232e-08
9.61604e-08
1.65227e-07
1.59646e-07
2.86274e-08
0
0
0
0
0
0
0
0
0
0
0
0
1.52721e-08
2.66711e-06
1.4725e-05
0
0
0
0
0
0
0
0
0
0
0
0
0
0
0
0
0
0
0
0
0
0
0
0
0
0
0
0
0
0
0
0
0
0
0
0
0
0
0
0
)
;
    }
    frontAndBack
    {
        type            empty;
    }
}


// ************************************************************************* //
