/*--------------------------------*- C++ -*----------------------------------*\
| =========                 |                                                 |
| \\      /  F ield         | OpenFOAM: The Open Source CFD Toolbox           |
|  \\    /   O peration     | Version:  2312                                  |
|   \\  /    A nd           | Website:  www.openfoam.com                      |
|    \\/     M anipulation  |                                                 |
\*---------------------------------------------------------------------------*/
FoamFile
{
    version     2.0;
    format      ascii;
    arch        "LSB;label=32;scalar=64";
    class       volScalarField;
    location    "3.375";
    object      staticCoeffP;
}
// * * * * * * * * * * * * * * * * * * * * * * * * * * * * * * * * * * * * * //

dimensions      [0 0 0 0 0 0 0];

internalField   nonuniform List<scalar> 
400
(
0
1.5234e-09
0
0
0
0
0
0
0
0
0
0
0
0
0
0
0
0
0
0
0
0
0
0
0
0
0
0
0
0
0
0
0
0
0
0
0
0
0
0
5.35525e-10
9.8737e-09
2.21568e-10
3.69734e-10
0
0
0
0
0
0
0
0
0
0
0
0
0
0
0
0
0
0
0
0
0
0
0
0
0
0
0
0
0
0
0
0
0
0
0
0
6.62876e-10
1.89329e-08
6.20192e-10
9.54214e-10
0
0
0
0
0
0
0
0
0
0
0
0
0
0
0
0
0
0
0
0
0
0
0
0
0
0
0
0
0
0
0
0
0
0
0
0
0
2.8306e-08
1.07552e-09
1.65245e-09
0
0
0
0
0
0
0
0
0
0
0
0
0
0
0
0
2.28744e-09
0
0
0
0
0
0
0
0
0
0
0
0
0
0
0
0
0
0
0
0
3.11303e-08
7.88493e-10
1.92281e-09
0
0
0
0
0
0
0
0
0
0
0
0
0
0
0
0
3.59889e-09
0
0
0
0
0
0
0
0
0
0
0
0
0
0
0
0
0
0
0
0
2.88555e-08
6.57274e-10
1.82547e-09
0
0
0
0
0
0
0
0
0
0
0
0
0
0
0
0
3.48654e-09
0
0
0
0
0
0
0
0
0
0
0
0
0
0
0
0
0
0
0
0
2.44648e-08
5.36832e-10
1.5544e-09
0
0
0
0
0
0
0
0
0
0
0
0
0
0
0
0
2.92904e-09
0
0
0
0
0
0
0
0
0
0
0
0
0
0
0
0
0
0
0
0
1.88423e-08
4.04053e-10
1.18668e-09
0
0
0
0
0
0
0
0
0
0
0
0
0
0
0
0
2.14836e-09
0
0
0
0
0
0
0
0
0
0
0
0
0
0
0
0
0
0
0
0
1.28142e-08
2.42041e-10
7.82725e-10
0
0
0
0
0
0
0
0
0
0
0
0
0
0
0
0
1.06529e-09
0
0
0
0
0
0
0
0
0
0
0
0
0
0
0
0
0
0
0
0
6.41503e-09
8.64047e-11
3.14033e-10
0
0
0
0
0
0
0
0
0
0
0
0
0
0
0
0
6.10797e-10
0
0
0
0
0
0
0
0
0
0
0
0
0
0
0
0
0
0
0
)
;

boundaryField
{
    movingWall
    {
        type            calculated;
        value           nonuniform List<scalar> 
20
(
6.10797e-10
0
0
0
0
0
0
0
0
0
0
0
0
0
0
0
0
0
0
0
)
;
    }
    fixedWalls
    {
        type            calculated;
        value           nonuniform List<scalar> 
60
(
0
0
5.35525e-10
0
6.62876e-10
0
0
2.28744e-09
0
3.59889e-09
0
3.48654e-09
0
2.92904e-09
0
2.14836e-09
0
1.06529e-09
0
6.10797e-10
0
0
0
0
0
0
0
0
0
0
0
0
0
0
0
0
0
0
0
0
0
1.5234e-09
0
0
0
0
0
0
0
0
0
0
0
0
0
0
0
0
0
0
)
;
    }
    frontAndBack
    {
        type            empty;
    }
}


// ************************************************************************* //
