/*--------------------------------*- C++ -*----------------------------------*\
| =========                 |                                                 |
| \\      /  F ield         | OpenFOAM: The Open Source CFD Toolbox           |
|  \\    /   O peration     | Version:  2312                                  |
|   \\  /    A nd           | Website:  www.openfoam.com                      |
|    \\/     M anipulation  |                                                 |
\*---------------------------------------------------------------------------*/
FoamFile
{
    version     2.0;
    format      ascii;
    arch        "LSB;label=32;scalar=64";
    class       volScalarField;
    location    "3.375";
    object      zeroGradient(p);
}
// * * * * * * * * * * * * * * * * * * * * * * * * * * * * * * * * * * * * * //

dimensions      [0 2 -2 0 0 0 0];

internalField   nonuniform List<scalar> 
400
(
0
7.61699e-10
0
0
0
0
0
0
0
0
0
0
0
0
0
0
0
0
0
0
0
0
0
0
0
0
0
0
0
0
0
0
0
0
0
0
0
0
0
0
2.67763e-10
4.93685e-09
1.10784e-10
1.84867e-10
0
0
0
0
0
0
0
0
0
0
0
0
0
0
0
0
0
0
0
0
0
0
0
0
0
0
0
0
0
0
0
0
0
0
0
0
3.31438e-10
9.46643e-09
3.10096e-10
4.77107e-10
0
0
0
0
0
0
0
0
0
0
0
0
0
0
0
0
0
0
0
0
0
0
0
0
0
0
0
0
0
0
0
0
0
0
0
0
0
1.4153e-08
5.37761e-10
8.26225e-10
0
0
0
0
0
0
0
0
0
0
0
0
0
0
0
0
1.14372e-09
0
0
0
0
0
0
0
0
0
0
0
0
0
0
0
0
0
0
0
0
1.55652e-08
3.94247e-10
9.61404e-10
0
0
0
0
0
0
0
0
0
0
0
0
0
0
0
0
1.79944e-09
0
0
0
0
0
0
0
0
0
0
0
0
0
0
0
0
0
0
0
0
1.44278e-08
3.28637e-10
9.12735e-10
0
0
0
0
0
0
0
0
0
0
0
0
0
0
0
0
1.74327e-09
0
0
0
0
0
0
0
0
0
0
0
0
0
0
0
0
0
0
0
0
1.22324e-08
2.68416e-10
7.772e-10
0
0
0
0
0
0
0
0
0
0
0
0
0
0
0
0
1.46452e-09
0
0
0
0
0
0
0
0
0
0
0
0
0
0
0
0
0
0
0
0
9.42116e-09
2.02027e-10
5.93339e-10
0
0
0
0
0
0
0
0
0
0
0
0
0
0
0
0
1.07418e-09
0
0
0
0
0
0
0
0
0
0
0
0
0
0
0
0
0
0
0
0
6.4071e-09
1.21021e-10
3.91362e-10
0
0
0
0
0
0
0
0
0
0
0
0
0
0
0
0
5.32644e-10
0
0
0
0
0
0
0
0
0
0
0
0
0
0
0
0
0
0
0
0
3.20751e-09
4.32022e-11
1.57017e-10
0
0
0
0
0
0
0
0
0
0
0
0
0
0
0
0
3.05398e-10
0
0
0
0
0
0
0
0
0
0
0
0
0
0
0
0
0
0
0
)
;

boundaryField
{
    movingWall
    {
        type            zeroGradient;
    }
    fixedWalls
    {
        type            zeroGradient;
    }
    frontAndBack
    {
        type            empty;
    }
}


// ************************************************************************* //
