/*--------------------------------*- C++ -*----------------------------------*\
| =========                 |                                                 |
| \\      /  F ield         | OpenFOAM: The Open Source CFD Toolbox           |
|  \\    /   O peration     | Version:  2312                                  |
|   \\  /    A nd           | Website:  www.openfoam.com                      |
|    \\/     M anipulation  |                                                 |
\*---------------------------------------------------------------------------*/
FoamFile
{
    version     2.0;
    format      ascii;
    arch        "LSB;label=32;scalar=64";
    class       scalarField;
    location    "2.5";
    object      p_all;
}
// * * * * * * * * * * * * * * * * * * * * * * * * * * * * * * * * * * * * * //


400
(
7.00761e-08
0
0
0
0
0
0
0
0
0
0
0
0
0
0.00162514
0.00372599
0.00517958
0.00570814
0.00556498
0.0053527
4.66848e-05
1.11852e-05
0
0
0
0
0
0
0
0
0
0
0
0
0.000353438
0.00252202
0.00430795
0.00523394
0.00539693
0.00520422
8.10734e-05
2.95746e-05
0
0
0
0
0
0
0
0
0
0
0
0
0
0
0.00224007
0.00421638
0.00512423
0.00504914
4.98354e-05
0
0
0
0
0
0
0
0
0
0
0
0
0
0
0
0
0.00193128
0.00429745
0.00469738
0
0
0
0
0
0
0
0
0
0
0
0
0
0
0
0
0
0
0.00222177
0.00366963
0
0
0
0
0
0
0
0
0
0
0
0
0
0
0
0
0
0
0
0.00161183
0
0
0
0
0
0
0
0
0
0
0
0
0
0
0
0
0
0
0
0
0
0
0
0
0
0
0
0
0
0
0
0
0
0
0
0
0
0
0
0
0
0
0
0
0
0
0
0
0
0
0
0
0
0
0
0
0
0
0
0
0
0
0
0
0
0
0
0
0
0
0
0
0
0
0
0
0
0
0
0
0
0
0
0
0
0
0
0
0
0
0
0
0
0
0
0
0
0
0
0
0
0
0
0
0
0
0
0
0
0
0
0
0
0
0
0
0
0
0
0
0
0
0
0
0
0
0
0
0
0
0
0
0
0
0
0
0
0
0
0
0
0
0
0
0
0
0
0
0
0
0
0
0
0
0
0
0
0
0
0
0
0
0
0
0
0
0
0
0
0
0
0
0
0
0
0
0
0
0
0
0
0
0
0
0
0
0
0
0
0
0
0
0
0
0
0
0
0
0
0
0
0
0
0
0
0
0
0
0
0
0
0
0
0
0
0
0
0
0
0
0
0
0
0
0
0
0
0
0
0
0
0
0
0
0
0
0
0
0
0
0
0
0
0
0
0
0
0
0
0
0
0
0
0
0
0
0
0.000899988
0.0024998
0.01549
0
0.00137488
0.000748154
0
0
0
0
0
0
0
0
0
0
0
0
0
0
0.00355706
0.00551977
0.0589454
)


// ************************************************************************* //
