/*--------------------------------*- C++ -*----------------------------------*\
| =========                 |                                                 |
| \\      /  F ield         | OpenFOAM: The Open Source CFD Toolbox           |
|  \\    /   O peration     | Version:  2312                                  |
|   \\  /    A nd           | Website:  www.openfoam.com                      |
|    \\/     M anipulation  |                                                 |
\*---------------------------------------------------------------------------*/
FoamFile
{
    version     2.0;
    format      ascii;
    arch        "LSB;label=32;scalar=64";
    class       volScalarField;
    location    "2.5";
    object      pNear;
}
// * * * * * * * * * * * * * * * * * * * * * * * * * * * * * * * * * * * * * //

dimensions      [0 2 -2 0 0 0 0];

internalField   nonuniform List<scalar> 
400
(
7.00761e-08
0
0
0
0
0
0
0
0
0
0
0
0
0
0.00162514
0.00372599
0.00517958
0.00570814
0.00556498
0.0053527
4.66848e-05
1.11852e-05
0
0
0
0
0
0
0
0
0
0
0
0
0.000353438
0.00252202
0.00430795
0.00523394
0.00539693
0.00520422
8.10734e-05
2.95746e-05
0
0
0
0
0
0
0
0
0
0
0
0
0
0
0.00224007
0.00421638
0.00512423
0.00504914
4.98354e-05
0
0
0
0
0
0
0
0
0
0
0
0
0
0
0
0
0.00193128
0.00429745
0.00469738
0
0
0
0
0
0
0
0
0
0
0
0
0
0
0
0
0
0
0.00222177
0.00366963
0
0
0
0
0
0
0
0
0
0
0
0
0
0
0
0
0
0
0
0.00161183
0
0
0
0
0
0
0
0
0
0
0
0
0
0
0
0
0
0
0
0
0
0
0
0
0
0
0
0
0
0
0
0
0
0
0
0
0
0
0
0
0
0
0
0
0
0
0
0
0
0
0
0
0
0
0
0
0
0
0
0
0
0
0
0
0
0
0
0
0
0
0
0
0
0
0
0
0
0
0
0
0
0
0
0
0
0
0
0
0
0
0
0
0
0
0
0
0
0
0
0
0
0
0
0
0
0
0
0
0
0
0
0
0
0
0
0
0
0
0
0
0
0
0
0
0
0
0
0
0
0
0
0
0
0
0
0
0
0
0
0
0
0
0
0
0
0
0
0
0
0
0
0
0
0
0
0
0
0
0
0
0
0
0
0
0
0
0
0
0
0
0
0
0
0
0
0
0
0
0
0
0
0
0
0
0
0
0
0
0
0
0
0
0
0
0
0
0
0
0
0
0
0
0
0
0
0
0
0
0
0
0
0
0
0
0
0
0
0
0
0
0
0
0
0
0
0
0
0
0
0
0
0
0
0
0
0
0
0
0
0
0
0
0
0
0
0
0
0
0
0
0
0
0
0
0
0
0
0.000899988
0.0024998
0.01549
0
0.00137488
0.000748154
0
0
0
0
0
0
0
0
0
0
0
0
0
0
0.00355706
0.00551977
0.0589454
)
;

boundaryField
{
    movingWall
    {
        type            zeroGradient;
    }
    fixedWalls
    {
        type            calculated;
        value           nonuniform List<scalar> 
60
(
7.06229e-06
4.48509e-05
7.12294e-05
4.70458e-05
7.4753e-06
0
0
0
0
0
0
0
0
0
0
0
0
0
0
0
0.00533043
0.00520323
0.00501964
0.00459598
0.00351512
0.00167873
0.000241775
0
0
0
0
0
0
0
0
0
0
0.00232351
0.0196848
0.0524271
5.95647e-08
1.05114e-08
0
0
0
0
0
0
0
0
0
0
0
0.00024377
0.00169649
0.0036289
0.00504083
0.00560738
0.00555462
0.00538454
)
;
    }
    frontAndBack
    {
        type            empty;
    }
}


// ************************************************************************* //
