/*--------------------------------*- C++ -*----------------------------------*\
| =========                 |                                                 |
| \\      /  F ield         | OpenFOAM: The Open Source CFD Toolbox           |
|  \\    /   O peration     | Version:  2312                                  |
|   \\  /    A nd           | Website:  www.openfoam.com                      |
|    \\/     M anipulation  |                                                 |
\*---------------------------------------------------------------------------*/
FoamFile
{
    version     2.0;
    format      ascii;
    arch        "LSB;label=32;scalar=64";
    class       volScalarField;
    location    "8";
    object      initialResidual:Ux;
}
// * * * * * * * * * * * * * * * * * * * * * * * * * * * * * * * * * * * * * //

dimensions      [0 0 0 0 0 0 0];

internalField   nonuniform List<scalar> 
400
(
1.37643e-20
3.38813e-20
6.77626e-21
-1.35525e-20
2.71051e-20
0
2.03288e-20
6.77626e-21
-6.77626e-21
0
3.38813e-20
-1.35525e-20
3.38813e-20
2.71051e-20
6.77626e-21
-1.35525e-20
-6.77626e-21
6.77626e-21
6.77626e-21
0
1.23879e-20
-2.03288e-20
2.03288e-20
1.35525e-20
1.35525e-20
4.06576e-20
-1.35525e-20
-6.77626e-21
2.71051e-20
6.77626e-21
0
6.77626e-21
0
-6.77626e-21
2.03288e-20
-6.77626e-21
-6.77626e-21
1.35525e-20
-3.38813e-20
1.35525e-20
1.05879e-20
0
-3.38813e-20
6.77626e-21
3.38813e-20
-1.35525e-20
-6.77626e-21
6.77626e-21
1.35525e-20
-1.35525e-20
-2.71051e-20
2.03288e-20
3.38813e-20
-4.06576e-20
0
6.77626e-21
-1.35525e-20
2.71051e-20
-6.77626e-21
-1.35525e-20
-2.59404e-21
0
2.71051e-20
1.35525e-20
-1.35525e-20
6.77626e-21
-3.38813e-20
0
6.77626e-21
1.35525e-20
3.38813e-20
-1.35525e-20
0
-2.03288e-20
0
-6.77626e-21
0
-3.38813e-20
-6.77626e-21
0
-1.32349e-22
1.35525e-20
1.35525e-20
0
1.35525e-20
6.77626e-21
0
6.77626e-21
2.03288e-20
-2.71051e-20
6.77626e-21
1.35525e-20
2.03288e-20
-6.77626e-21
-1.35525e-20
2.03288e-20
2.71051e-20
6.77626e-21
0
-1.35525e-20
1.75759e-20
6.77626e-21
6.77626e-21
0
1.35525e-20
0
2.71051e-20
-6.77626e-21
-2.03288e-20
0
2.71051e-20
2.03288e-20
-6.77626e-21
-2.71051e-20
-1.35525e-20
-2.03288e-20
-6.77626e-21
2.71051e-20
-1.35525e-20
-1.35525e-20
-2.73698e-20
2.03288e-20
0
6.77626e-21
1.35525e-20
6.77626e-21
-6.77626e-21
0
-6.77626e-21
2.03288e-20
-1.35525e-20
6.77626e-21
6.77626e-21
2.71051e-20
6.77626e-21
-2.71051e-20
1.35525e-20
-2.03288e-20
-2.03288e-20
-1.35525e-20
3.13402e-20
-6.77626e-21
2.03288e-20
-6.77626e-21
0
-1.35525e-20
6.77626e-21
-1.35525e-20
4.06576e-20
6.77626e-21
-6.77626e-21
-4.74338e-20
3.38813e-20
-6.77626e-21
-2.03288e-20
6.77626e-21
6.77626e-21
1.35525e-20
-6.77626e-21
0
2.65757e-20
-1.35525e-20
-6.77626e-21
0
3.38813e-20
-1.35525e-20
2.03288e-20
-6.77626e-21
-2.03288e-20
-6.77626e-21
6.77626e-21
6.77626e-21
0
0
-2.03288e-20
1.35525e-20
0
0
6.77626e-21
1.35525e-20
-3.52577e-20
2.03288e-20
-2.03288e-20
1.35525e-20
-2.03288e-20
2.03288e-20
2.03288e-20
-1.35525e-20
-6.77626e-21
6.77626e-21
1.35525e-20
1.35525e-20
-1.35525e-20
-1.35525e-20
6.77626e-21
6.77626e-21
-1.35525e-20
3.38813e-20
-2.71051e-20
2.71051e-20
5.50571e-20
-2.03288e-20
-2.03288e-20
-1.35525e-20
2.03288e-20
-1.35525e-20
-1.35525e-20
6.77626e-21
6.77626e-21
-1.35525e-20
6.77626e-21
2.71051e-20
-6.77626e-21
0
1.35525e-20
2.03288e-20
-6.77626e-21
6.77626e-21
-6.77626e-21
-1.35525e-20
-3.78518e-20
1.35525e-20
6.77626e-21
1.35525e-20
-6.77626e-21
-6.77626e-21
-1.35525e-20
6.77626e-21
-1.35525e-20
6.77626e-21
3.38813e-20
6.77626e-21
-6.77626e-21
-2.03288e-20
-2.71051e-20
2.03288e-20
6.77626e-21
6.77626e-21
-1.35525e-20
0
1.10908e-20
6.77626e-21
-1.35525e-20
6.77626e-21
-2.03288e-20
-6.77626e-21
-6.77626e-21
-2.03288e-20
3.38813e-20
0
-6.77626e-21
-1.35525e-20
2.03288e-20
0
1.35525e-20
1.35525e-20
6.77626e-21
2.03288e-20
-2.03288e-20
-2.71051e-20
-6.14099e-21
-6.77626e-21
2.03288e-20
-1.35525e-20
0
6.77626e-21
0
1.35525e-20
-2.71051e-20
2.03288e-20
-4.06576e-20
1.35525e-20
-1.35525e-20
-1.35525e-20
4.06576e-20
-2.03288e-20
0
-1.35525e-20
6.77626e-21
0
2.44581e-20
-6.77626e-21
0
0
0
1.35525e-20
1.35525e-20
-1.35525e-20
-1.35525e-20
-6.77626e-21
1.35525e-20
-6.77626e-21
0
-1.35525e-20
-6.77626e-21
6.77626e-21
2.03288e-20
-6.77626e-21
0
0
-2.11494e-20
2.71051e-20
-3.38813e-20
6.77626e-21
2.71051e-20
-1.35525e-20
2.03288e-20
-2.71051e-20
-6.77626e-21
1.35525e-20
1.35525e-20
6.77626e-21
2.03288e-20
6.77626e-21
-6.77626e-21
-1.35525e-20
6.77626e-21
-2.71051e-20
-1.35525e-20
1.35525e-20
-9.58206e-21
1.35525e-20
0
0
-6.77626e-21
6.77626e-21
6.77626e-21
-6.77626e-21
-6.77626e-21
6.77626e-21
1.35525e-20
0
0
6.77626e-21
1.35525e-20
0
6.77626e-21
2.03288e-20
0
-1.35525e-20
-1.76289e-20
-6.77626e-21
-1.35525e-20
6.77626e-21
1.35525e-20
6.77626e-21
-1.35525e-20
-2.03288e-20
1.35525e-20
2.71051e-20
2.03288e-20
-4.06576e-20
4.06576e-20
0
2.03288e-20
3.38813e-20
-2.71051e-20
2.71051e-20
-1.35525e-20
0
-3.20284e-21
6.77626e-21
-1.35525e-20
-6.77626e-21
4.06576e-20
6.77626e-21
-6.77626e-21
-2.71051e-20
6.77626e-21
0
-3.38813e-20
-6.77626e-21
4.74338e-20
0
-6.77626e-21
2.03288e-20
0
0
1.35525e-20
-1.35525e-20
-6.77626e-21
-2.03288e-20
1.35525e-20
2.71051e-20
2.71051e-20
0
-2.71051e-20
5.42101e-20
2.71051e-20
-2.03288e-20
0
1.35525e-20
6.77626e-21
0
0
1.35525e-20
6.77626e-21
0
0
0
)
;

boundaryField
{
    movingWall
    {
        type            zeroGradient;
    }
    fixedWalls
    {
        type            zeroGradient;
    }
    frontAndBack
    {
        type            empty;
    }
}


// ************************************************************************* //
