/*--------------------------------*- C++ -*----------------------------------*\
| =========                 |                                                 |
| \\      /  F ield         | OpenFOAM: The Open Source CFD Toolbox           |
|  \\    /   O peration     | Version:  2312                                  |
|   \\  /    A nd           | Website:  www.openfoam.com                      |
|    \\/     M anipulation  |                                                 |
\*---------------------------------------------------------------------------*/
FoamFile
{
    version     2.0;
    format      ascii;
    arch        "LSB;label=32;scalar=64";
    class       surfaceScalarField;
    location    "10";
    object      phi;
}
// * * * * * * * * * * * * * * * * * * * * * * * * * * * * * * * * * * * * * //

dimensions      [0 3 -1 0 0 0 0];

oriented        oriented;

internalField   nonuniform List<scalar> 
760
(
-5e-05
-0
-5e-05
-0
-5e-05
-0
-5e-05
-0
-5e-05
-0
-5e-05
-0
-5e-05
-0
-5e-05
-0
-5e-05
-0
-5e-05
-0
-5e-05
-0
-5e-05
-0
-5e-05
-0
-5e-05
-0
-5e-05
-0
-5e-05
-0
-5e-05
-0
-5e-05
-0
-5e-05
-0
-0
-5e-05
-0
-5e-05
-0
-5e-05
-0
-5e-05
-0
-5e-05
-0
-5e-05
-0
-5e-05
-0
-5e-05
-0
-5e-05
-0
-5e-05
-0
-5e-05
-0
-5e-05
-0
-5e-05
-0
-5e-05
-0
-5e-05
-0
-5e-05
-0
-5e-05
-0
-5e-05
-0
-5e-05
-0
-0
-5e-05
-0
-5e-05
-0
-5e-05
-0
-5e-05
-0
-5e-05
-0
-5e-05
-0
-5e-05
-0
-5e-05
-0
-5e-05
-0
-5e-05
-0
-5e-05
-0
-5e-05
-0
-5e-05
-0
-5e-05
-0
-5e-05
-0
-5e-05
-0
-5e-05
-0
-5e-05
-0
-5e-05
-0
-0
-5e-05
-0
-5e-05
-0
-5e-05
-0
-5e-05
-0
-5e-05
-0
-5e-05
-0
-5e-05
-0
-5e-05
-0
-5e-05
-0
-5e-05
-0
-5e-05
-0
-5e-05
-0
-5e-05
-0
-5e-05
-0
-5e-05
-0
-5e-05
-0
-5e-05
-0
-5e-05
-0
-5e-05
-0
-0
-5e-05
-0
-5e-05
-0
-5e-05
-0
-5e-05
-0
-5e-05
-0
-5e-05
-0
-5e-05
-0
-5e-05
-0
-5e-05
-0
-5e-05
-0
-5e-05
-0
-5e-05
-0
-5e-05
-0
-5e-05
-0
-5e-05
-0
-5e-05
-0
-5e-05
-0
-5e-05
-0
-5e-05
-0
-0
-5e-05
-0
-5e-05
-0
-5e-05
-0
-5e-05
-0
-5e-05
-0
-5e-05
-0
-5e-05
-0
-5e-05
-0
-5e-05
-0
-5e-05
-0
-5e-05
-0
-5e-05
-0
-5e-05
-0
-5e-05
-0
-5e-05
-0
-5e-05
-0
-5e-05
-0
-5e-05
-0
-5e-05
-0
-0
-5e-05
-0
-5e-05
-0
-5e-05
-0
-5e-05
-0
-5e-05
-0
-5e-05
-0
-5e-05
-0
-5e-05
-0
-5e-05
-0
-5e-05
-0
-5e-05
-0
-5e-05
-0
-5e-05
-0
-5e-05
-0
-5e-05
-0
-5e-05
-0
-5e-05
-0
-5e-05
-0
-5e-05
-0
-0
-5e-05
-0
-5e-05
-0
-5e-05
-0
-5e-05
-0
-5e-05
-0
-5e-05
-0
-5e-05
-0
-5e-05
-0
-5e-05
-0
-5e-05
-0
-5e-05
-0
-5e-05
-0
-5e-05
-0
-5e-05
-0
-5e-05
-0
-5e-05
-0
-5e-05
-0
-5e-05
-0
-5e-05
-0
-0
-5e-05
-0
-5e-05
-0
-5e-05
-0
-5e-05
-0
-5e-05
-0
-5e-05
-0
-5e-05
-0
-5e-05
-0
-5e-05
-0
-5e-05
-0
-5e-05
-0
-5e-05
-0
-5e-05
-0
-5e-05
-0
-5e-05
-0
-5e-05
-0
-5e-05
-0
-5e-05
-0
-5e-05
-0
-0
-5e-05
-0
-5e-05
-0
-5e-05
-0
-5e-05
-0
-5e-05
-0
-5e-05
-0
-5e-05
-0
-5e-05
-0
-5e-05
-0
-5e-05
-0
-5e-05
-0
-5e-05
-0
-5e-05
-0
-5e-05
-0
-5e-05
-0
-5e-05
-0
-5e-05
-0
-5e-05
-0
-5e-05
-0
-0
-5e-05
-0
-5e-05
-0
-5e-05
-0
-5e-05
-0
-5e-05
-0
-5e-05
-0
-5e-05
-0
-5e-05
-0
-5e-05
-0
-5e-05
-0
-5e-05
-0
-5e-05
-0
-5e-05
-0
-5e-05
-0
-5e-05
-0
-5e-05
-0
-5e-05
-0
-5e-05
-0
-5e-05
-0
-0
-5e-05
-0
-5e-05
-0
-5e-05
-0
-5e-05
-0
-5e-05
-0
-5e-05
-0
-5e-05
-0
-5e-05
-0
-5e-05
-0
-5e-05
-0
-5e-05
-0
-5e-05
-0
-5e-05
-0
-5e-05
-0
-5e-05
-0
-5e-05
-0
-5e-05
-0
-5e-05
-0
-5e-05
-0
-0
-5e-05
-0
-5e-05
-0
-5e-05
-0
-5e-05
-0
-5e-05
-0
-5e-05
-0
-5e-05
-0
-5e-05
-0
-5e-05
-0
-5e-05
-0
-5e-05
-0
-5e-05
-0
-5e-05
-0
-5e-05
-0
-5e-05
-0
-5e-05
-0
-5e-05
-0
-5e-05
-0
-5e-05
-0
-0
-5e-05
-0
-5e-05
-0
-5e-05
-0
-5e-05
-0
-5e-05
-0
-5e-05
-0
-5e-05
-0
-5e-05
-0
-5e-05
-0
-5e-05
-0
-5e-05
-0
-5e-05
-0
-5e-05
-0
-5e-05
-0
-5e-05
-0
-5e-05
-0
-5e-05
-0
-5e-05
-0
-5e-05
-0
-0
-5e-05
-0
-5e-05
-0
-5e-05
-0
-5e-05
-0
-5e-05
-0
-5e-05
-0
-5e-05
-0
-5e-05
-0
-5e-05
-0
-5e-05
-0
-5e-05
-0
-5e-05
-0
-5e-05
-0
-5e-05
-0
-5e-05
-0
-5e-05
-0
-5e-05
-0
-5e-05
-0
-5e-05
-0
-0
-5e-05
-0
-5e-05
-0
-5e-05
-0
-5e-05
-0
-5e-05
-0
-5e-05
-0
-5e-05
-0
-5e-05
-0
-5e-05
-0
-5e-05
-0
-5e-05
-0
-5e-05
-0
-5e-05
-0
-5e-05
-0
-5e-05
-0
-5e-05
-0
-5e-05
-0
-5e-05
-0
-5e-05
-0
-0
-5e-05
-0
-5e-05
-0
-5e-05
-0
-5e-05
-0
-5e-05
-0
-5e-05
-0
-5e-05
-0
-5e-05
-0
-5e-05
-0
-5e-05
-0
-5e-05
-0
-5e-05
-0
-5e-05
-0
-5e-05
-0
-5e-05
-0
-5e-05
-0
-5e-05
-0
-5e-05
-0
-5e-05
-0
-0
-5e-05
-0
-5e-05
-0
-5e-05
-0
-5e-05
-0
-5e-05
-0
-5e-05
-0
-5e-05
-0
-5e-05
-0
-5e-05
-0
-5e-05
-0
-5e-05
-0
-5e-05
-0
-5e-05
-0
-5e-05
-0
-5e-05
-0
-5e-05
-0
-5e-05
-0
-5e-05
-0
-5e-05
-0
-0
-5e-05
-0
-5e-05
-0
-5e-05
-0
-5e-05
-0
-5e-05
-0
-5e-05
-0
-5e-05
-0
-5e-05
-0
-5e-05
-0
-5e-05
-0
-5e-05
-0
-5e-05
-0
-5e-05
-0
-5e-05
-0
-5e-05
-0
-5e-05
-0
-5e-05
-0
-5e-05
-0
-5e-05
-0
-0
-5e-05
-5e-05
-5e-05
-5e-05
-5e-05
-5e-05
-5e-05
-5e-05
-5e-05
-5e-05
-5e-05
-5e-05
-5e-05
-5e-05
-5e-05
-5e-05
-5e-05
-5e-05
-5e-05
)
;

boundaryField
{
    movingWall
    {
        type            calculated;
        value           uniform -0;
    }
    fixedWalls
    {
        type            calculated;
        value           nonuniform List<scalar> 
60
(
5e-05
5e-05
5e-05
5e-05
5e-05
5e-05
5e-05
5e-05
5e-05
5e-05
5e-05
5e-05
5e-05
5e-05
5e-05
5e-05
5e-05
5e-05
5e-05
5e-05
-5e-05
-5e-05
-5e-05
-5e-05
-5e-05
-5e-05
-5e-05
-5e-05
-5e-05
-5e-05
-5e-05
-5e-05
-5e-05
-5e-05
-5e-05
-5e-05
-5e-05
-5e-05
-5e-05
-5e-05
-0
-0
-0
-0
-0
-0
-0
-0
-0
-0
-0
-0
-0
-0
-0
-0
-0
-0
-0
-0
)
;
    }
    frontAndBack
    {
        type            empty;
        value           nonuniform List<scalar> 0();
    }
}


// ************************************************************************* //
