/*--------------------------------*- C++ -*----------------------------------*\
| =========                 |                                                 |
| \\      /  F ield         | OpenFOAM: The Open Source CFD Toolbox           |
|  \\    /   O peration     | Version:  2312                                  |
|   \\  /    A nd           | Website:  www.openfoam.com                      |
|    \\/     M anipulation  |                                                 |
\*---------------------------------------------------------------------------*/
FoamFile
{
    version     2.0;
    format      ascii;
    arch        "LSB;label=32;scalar=64";
    class       volScalarField;
    location    "9.5";
    object      powk;
}
// * * * * * * * * * * * * * * * * * * * * * * * * * * * * * * * * * * * * * //

dimensions      [0 0.5 -0.5 0 0 0 0];

internalField   nonuniform List<scalar> 
400
(
2.52024
2.52024
2.52024
2.52024
2.52024
2.52024
2.52024
2.52024
2.52024
2.52024
2.52024
2.52024
2.52024
2.52024
2.52024
2.52024
2.52024
2.52024
2.52024
2.52024
2.5203
2.5203
2.5203
2.5203
2.5203
2.5203
2.5203
2.5203
2.5203
2.5203
2.5203
2.5203
2.5203
2.5203
2.5203
2.5203
2.5203
2.5203
2.5203
2.5203
2.52041
2.52041
2.52041
2.52041
2.52041
2.52041
2.52041
2.52041
2.52041
2.52041
2.52041
2.52041
2.52041
2.52041
2.52041
2.52041
2.52041
2.52041
2.52041
2.52041
2.52052
2.52052
2.52052
2.52052
2.52052
2.52052
2.52052
2.52052
2.52052
2.52052
2.52052
2.52052
2.52052
2.52052
2.52052
2.52052
2.52052
2.52052
2.52052
2.52052
2.52062
2.52062
2.52062
2.52062
2.52062
2.52062
2.52062
2.52062
2.52062
2.52062
2.52062
2.52062
2.52062
2.52062
2.52062
2.52062
2.52062
2.52062
2.52062
2.52062
2.52069
2.52069
2.52069
2.52069
2.52069
2.52069
2.52069
2.52069
2.52069
2.52069
2.52069
2.52069
2.52069
2.52069
2.52069
2.52069
2.52069
2.52069
2.52069
2.52069
2.52074
2.52074
2.52074
2.52074
2.52074
2.52074
2.52074
2.52074
2.52074
2.52074
2.52074
2.52074
2.52074
2.52074
2.52074
2.52074
2.52074
2.52074
2.52074
2.52074
2.52078
2.52078
2.52078
2.52078
2.52078
2.52078
2.52078
2.52078
2.52078
2.52078
2.52078
2.52078
2.52078
2.52078
2.52078
2.52078
2.52078
2.52078
2.52078
2.52078
2.5208
2.5208
2.5208
2.5208
2.5208
2.5208
2.5208
2.5208
2.5208
2.5208
2.5208
2.5208
2.5208
2.5208
2.5208
2.5208
2.5208
2.5208
2.5208
2.5208
2.52081
2.52081
2.52081
2.52081
2.52081
2.52081
2.52081
2.52081
2.52081
2.52081
2.52081
2.52081
2.52081
2.52081
2.52081
2.52081
2.52081
2.52081
2.52081
2.52081
2.52083
2.52083
2.52083
2.52083
2.52083
2.52083
2.52083
2.52083
2.52083
2.52083
2.52083
2.52083
2.52083
2.52083
2.52083
2.52083
2.52083
2.52083
2.52083
2.52083
2.52084
2.52084
2.52084
2.52084
2.52084
2.52084
2.52084
2.52084
2.52084
2.52084
2.52084
2.52084
2.52084
2.52084
2.52084
2.52084
2.52084
2.52084
2.52084
2.52084
2.52085
2.52085
2.52085
2.52085
2.52085
2.52085
2.52085
2.52085
2.52085
2.52085
2.52085
2.52085
2.52085
2.52085
2.52085
2.52085
2.52085
2.52085
2.52085
2.52085
2.52086
2.52086
2.52086
2.52086
2.52086
2.52086
2.52086
2.52086
2.52086
2.52086
2.52086
2.52086
2.52086
2.52086
2.52086
2.52086
2.52086
2.52086
2.52086
2.52086
2.52087
2.52087
2.52087
2.52087
2.52087
2.52087
2.52087
2.52087
2.52087
2.52087
2.52087
2.52087
2.52087
2.52087
2.52087
2.52087
2.52087
2.52087
2.52087
2.52087
2.52088
2.52088
2.52088
2.52088
2.52088
2.52088
2.52088
2.52088
2.52088
2.52088
2.52088
2.52088
2.52088
2.52088
2.52088
2.52088
2.52088
2.52088
2.52088
2.52088
2.52089
2.52089
2.52089
2.52089
2.52089
2.52089
2.52089
2.52089
2.52089
2.52089
2.52089
2.52089
2.52089
2.52089
2.52089
2.52089
2.52089
2.52089
2.52089
2.52089
2.5209
2.5209
2.5209
2.5209
2.5209
2.5209
2.5209
2.5209
2.5209
2.5209
2.5209
2.5209
2.5209
2.5209
2.5209
2.5209
2.5209
2.5209
2.5209
2.5209
2.52091
2.52091
2.52091
2.52091
2.52091
2.52091
2.52091
2.52091
2.52091
2.52091
2.52091
2.52091
2.52091
2.52091
2.52091
2.52091
2.52091
2.52091
2.52091
2.52091
2.52091
2.52091
2.52091
2.52091
2.52091
2.52091
2.52091
2.52091
2.52091
2.52091
2.52091
2.52091
2.52091
2.52091
2.52091
2.52091
2.52091
2.52091
2.52091
2.52091
)
;

boundaryField
{
    movingWall
    {
        type            calculated;
        value           nonuniform List<scalar> 
20
(
2.52091
2.52091
2.52091
2.52091
2.52091
2.52091
2.52091
2.52091
2.52091
2.52091
2.52091
2.52091
2.52091
2.52091
2.52091
2.52091
2.52091
2.52091
2.52091
2.52091
)
;
    }
    fixedWalls
    {
        type            calculated;
        value           nonuniform List<scalar> 
60
(
2.52024
2.5203
2.52041
2.52052
2.52062
2.52069
2.52074
2.52078
2.5208
2.52081
2.52083
2.52084
2.52085
2.52086
2.52087
2.52088
2.52089
2.5209
2.52091
2.52091
2.52024
2.5203
2.52041
2.52052
2.52062
2.52069
2.52074
2.52078
2.5208
2.52081
2.52083
2.52084
2.52085
2.52086
2.52087
2.52088
2.52089
2.5209
2.52091
2.52091
2.52024
2.52024
2.52024
2.52024
2.52024
2.52024
2.52024
2.52024
2.52024
2.52024
2.52024
2.52024
2.52024
2.52024
2.52024
2.52024
2.52024
2.52024
2.52024
2.52024
)
;
    }
    frontAndBack
    {
        type            empty;
    }
}


// ************************************************************************* //
